cycle 4, cycles: 4000
1.24767
0.267597
0.827687
0.142061
0.871058
0.687534
0.605918
0.587388
0.429533
0.488388
0.619366
0.201277
0.742386
0.332468
0.596303
0.174497
0.489973
0.316514
0.0814556
0.029852
0.428264
0.0674147
0.172819
0.15902
0.563101
0.516441
0.421743
0.28211
0.364516
0.591178
0.275063
0.119585
0.253341
0.0584162
0.173586
0.622942
0.540622
0.383124
0.103966
0.47861
0.492047
0.520736
0.290391
0.456935
0.363746
0.621548
0.421327
0.185334
0.587555
0.281714
0.43663
0.273141
0.208914
0.4299
0.390214
0.123158
0.039491
0.482427
0.617897
0.491784
0.229892
0.498728
0.448757
0.31158
0.526386
0.274138
0.322329
0.15614
0.0630314
0.22545
0.273492
0.0697962
0.0892433
0.541869
0.219584
0.372298
0.477883
0.246962
0.213502
0.540105
0.140295
0.151963
0.389126
0.454625
0.534591
0.678555
0.163549
0.206034
0.416771
0.191155
0.497273
0.172843
0.169029
0.115213
0.0809567
0.410519
0.0789245
0.144714
0.216879
0.165426
0.409087
0.355265
0.51034
0.354756
0.351517
0.088286
0.256429
0.255927
0.307875
0.315894
0.111469
0.26851
0.122777
0.0550101
0.0844002
0.0660465
0.270611
0.0652289
0.404089
0.155318
0.0451104
0.0749793
0.547682
0.0456185
0.0666732
0.0587986
0.366306
0.0964285
0.0374762
0.194759
0.0570786
0.0676777
0.240765
0.0989487
0.47212
0.217702
0.34711
0.171873
0.230818
0.467335
0.398509
0.159294
0.158507
0.11592
0.0426615
0.410795
0.656481
0.217611
0.0693914
0.287517
0.644041
0.158227
0.308594
0.0436596
0.0890912
0.517261
0.0364252
0.283877
0.0638282
0.0519935
0.156103
0.0239537
0.264205
0.0200389
0.480383
0.179881
0.169948
0.0196329
0.0429923
0.0342483
0.105357
0.225435
0.0317265
0.0570419
0.0245705
0.0418802
0.289637
0.241812
0.0965444
0.239298
0.11634
0.0132176
0.309006
0.0604629
0.00913652
0.436389
0.0537434
0.103978
0.0571632
0.239664
0.653518
0.067195
0.106963
0.19112
0.032529
0.155396
0.0121111
0.451226
0.0836598
0.0678577
0.0394605
0.0466385
0.0213513
0.278901
0.0886311
0.0163622
0.65455
0.0495554
0.0280462
0.287582
0.0835485
0.0498434
0.022754
0.164676
0.0462006
0.0400108
0.0207835
0.299326
0.561259
0.129351
0.0937007
0.304658
0.168096
0.196775
0.455225
0.047516
0.446064
0.170237
0.0779695
0.0351069
0.0492964
0.269087
0.0115595
0.0679553
0.389368
0.040198
0.0435115
0.170646
0.00973021
0.0375674
0.0539465
0.179509
0.0274701
0.0352718
0.0172005
0.214845
0.411585
0.30532
0.0361942
0.171878
0.232349
0.207499
0.249986
0.261149
0.0194155
0.00956369
0.0516505
0.0421488
0.167949
0.310185
0.0249185
0.215959
0.0172241
0.339733
0.074464
0.00754272
0.023555
0.185491
0.167274
0.0163434
0.0171989
0.0907849
0.171074
0.153644
0.0612028
0.26024
0.176615
0.0756251
0.173393
0.0142279
0.0309132
0.0218457
0.0564142
0.019162
0.0764055
0.00727071
0.042794
0.0369724
0.108707
0.230475
0.0131876
0.0546121
0.00642195
0.470707
0.00573013
0.325836
0.15057
0.0272023
0.282526
0.187393
0.0883937
0.0358633
0.0157144
0.472823
0.0611431
0.0869175
0.224236
0.0172757
0.0129235
0.0715924
0.0484506
0.00536375
0.00473284
0.0213646
0.0455035
0.0535243
0.0191041
0.0782906
0.322428
0.0386387
0.455446
0.0102412
0.0165311
0.0504296
0.144761
0.0517153
0.126147
0.293847
0.0126945
0.0246531
0.266492
0.0101831
0.0155613
0.0200796
0.163498
0.0626877
0.0325623
0.066608
0.20807
0.0928528
0.209279
0.0331995
0.0479223
0.0317214
0.186144
0.0352992
0.0152629
0.016976
0.408246
0.0759322
0.0276447
0.0397691
0.00446582
0.384865
0.150368
0.00424441
0.0268878
0.0100059
0.0089791
0.229379
0.0168959
0.0254973
0.0645448
0.00333458
0.0528538
0.0114967
0.196777
0.0548392
0.225063
0.0625948
0.0207537
0.0296024
0.195165
0.0251659
0.0192941
0.179449
0.00311002
0.00966505
0.0143502
0.00284298
0.162648
0.0168486
0.00827595
0.0437354
0.0866789
0.180639
0.0091516
0.231404
0.00941461
0.0804142
0.0161234
0.096152
0.156265
0.219683
0.0150083
0.0536337
0.00623057
0.00842796
0.0339154
0.00780688
0.0835294
0.209408
0.0621792
0.00592792
0.140454
0.0133607
0.010508
0.0814056
0.00894087
0.00682172
0.00625787
0.124308
0.0228428
0.00684676
0.0582927
0.0396084
0.12398
0.00536592
0.0818071
0.0381095
0.0487059
0.00648657
0.107988
0.0166403
0.0869353
0.308874
0.0845988
0.0546697
0.0379702
0.0167007
0.0442995
0.0107194
0.422259
0.00469175
0.00581023
0.00402265
0.0109386
0.128386
0.0217728
0.0038334
0.00339031
0.0373795
0.00815285
0.12033
0.0266446
0.0139767
0.323125
0.0442742
0.0131638
0.0029927
0.358955
0.250141
0.00535387
0.00258703
0.0473277
0.00255395
0.00818374
0.151588
0.121724
0.294805
0.0349455
0.00792283
0.0618702
0.178731
0.301884
0.00707953
0.00279343
0.126572
0.0472664
0.00220504
0.0507732
0.0342043
0.00425146
0.0458605
0.300072
0.0071065
0.136037
0.089898
0.00730699
0.286456
0.2009
0.0505652
0.100408
0.0265284
0.322921
0.00798049
0.00754357
0.00192958
0.0331926
0.0769894
0.100247
0.0785892
0.0291869
0.0514829
0.0267928
0.00423461
0.327424
0.0522464
0.00328668
0.170592
0.00902286
0.0453999
0.18845
0.00256418
0.0589141
0.00221858
0.0220651
0.232351
0.18117
0.00941691
0.0528641
0.00784201
0.151819
0.153316
0.0527949
0.00213743
0.0205441
0.00748866
0.00686468
0.0166503
0.223867
0.00831356
0.0511123
0.166108
0.0124928
0.125027
0.00364462
0.00341941
0.0148363
0.0115121
0.00476749
0.00617937
0.00446116
0.0813474
0.0776614
0.00544285
0.00439377
0.00854164
0.108212
0.134175
0.0136232
0.0041668
0.089459
0.0020966
0.0570306
0.151461
0.00337942
0.0169829
0.0745855
0.0018789
0.0279373
0.00277123
0.0506055
0.379948
0.0725649
0.0521297
0.0922067
0.155386
0.00163666
0.00283209
0.0566486
0.0256933
0.0162735
0.10785
0.00953464
0.00901417
0.00178258
0.0369204
0.0210082
0.0118908
0.330685
0.0690809
0.0245389
0.00761035
0.00177562
0.0115765
0.0100103
0.363226
0.0199736
0.0117822
0.00120368
0.286914
0.0013186
0.143929
0.0100509
0.00164227
0.0144235
0.0125639
0.00383314
0.0228018
0.0153502
0.00243295
0.152551
0.00414626
0.00293064
0.0232575
0.327938
0.218967
0.0502621
0.0789779
0.0105256
0.00451099
0.00843611
0.00251279
0.0130319
0.0936328
0.0634222
0.012211
0.00662116
0.00357684
0.026878
0.256665
0.0119496
0.00909673
0.128564
0.00311756
0.0258096
0.0402538
0.0280672
0.183433
0.0520654
0.00284131
0.00152879
0.0104398
0.00140189
0.00548652
0.00232118
0.0201496
0.048879
0.00378373
0.0177054
0.00462387
0.110805
0.0225632
0.00588129
0.0220454
0.0521606
0.256663
0.0233246
0.0663928
0.0169024
0.0798448
0.00255817
0.00466298
0.354418
0.184471
0.0189641
0.00210469
0.00301948
0.00125817
0.0028337
0.0379722
0.00123841
0.00162662
0.0147082
0.00876449
0.230146
0.0304039
0.062815
0.0209315
0.012851
0.0268917
0.00224428
0.00120299
0.225518
0.00207794
0.0366784
0.0523444
0.00267209
0.0228048
0.121577
0.0135996
0.0342603
0.0124115
0.00479166
0.0918825
0.00499074
0.00342615
0.0162948
0.0060403
0.0396977
0.0584137
0.0941501
0.00108722
0.0572062
0.00240384
0.017343
0.0102946
0.0296142
0.0154511
0.0452458
0.0172609
0.00327651
0.210401
0.000966239
0.0596388
0.0541052
0.0254049
0.303753
0.00174348
0.0511116
0.00291082
0.0589644
0.0618747
0.00227382
0.0453191
0.0179008
0.104771
0.0776144
0.0341607
0.00903712
0.00125706
0.00353752
0.0179327
0.113743
0.00147568
0.0128973
0.0336488
0.0364201
0.0146952
0.068477
0.358527
0.0220126
0.0025424
0.00232263
0.0878521
0.144226
0.00142181
0.0494588
0.00100347
0.0815148
0.00296981
0.115535
0.00233656
0.0487719
0.0552366
0.0428714
0.03836
0.0631953
0.00139031
0.197089
0.000975539
0.000912066
0.0660333
0.0524995
0.000841105
0.0632235
0.100818
0.0119439
0.0145978
0.00182617
0.00818507
0.0179982
0.0106305
0.0107912
0.00540499
0.00946123
0.00095135
0.124467
0.00374768
0.00586852
0.10759
0.01738
0.0071883
0.0176974
0.011805
0.038379
0.00377464
0.00532331
0.00474723
0.0973315
0.0102502
0.207583
0.150218
0.000924308
0.000902318
0.00172862
0.00814089
0.0158522
0.0512771
0.144337
0.107084
0.00172504
0.0495467
0.0199332
0.0116796
0.0472044
0.0589015
0.00465197
0.00709843
0.0134579
0.00848782
0.150315
0.20653
0.0915231
0.0224274
0.00955382
0.000747399
0.00734965
0.0835028
0.00576191
0.0254633
0.0332816
0.00171711
0.0424941
0.0419924
0.00353244
0.00100077
0.03653
0.0850989
0.118599
0.000757999
0.017334
0.0553812
0.0111925
0.0264554
0.0132913
0.0183898
0.0304452
0.0032038
0.00158302
0.0157343
0.000685951
0.00534413
0.00975345
0.0176669
0.00982744
0.0190817
0.000871991
0.00480773
0.0664095
0.00152635
0.00696068
0.00730709
0.00691058
0.0534777
0.00671447
0.0811347
0.0434523
0.0054007
0.00139208
0.00415965
0.0169754
0.00370588
0.00229461
0.126293
0.00229909
0.00584206
0.0101814
0.00152632
0.00503641
0.0107198
0.00786959
0.00133771
0.000946388
0.194853
0.149665
0.00578251
0.00477951
0.000817402
0.00126687
0.03877
0.0370863
0.00676679
0.0861663
0.00458106
0.000732639
0.0645072
0.293704
0.0479751
0.0144689
0.0619545
0.012323
0.0427681
0.0150658
0.0404826
0.00606697
0.00100853
0.00163309
0.00443884
0.0053554
0.0439339
0.0652297
0.00155467
0.079054
0.00831977
0.0348574
0.0169318
0.00123044
0.286741
0.0102692
0.0649939
0.021789
0.00742324
0.0166428
0.0970853
0.133836
0.0352045
0.000759426
0.00164352
0.0013237
0.0166927
0.00307899
0.0349061
0.00102908
0.0139048
0.0568896
0.00671045
0.00968367
0.00642508
0.00368272
0.0030239
0.0012424
0.00462498
0.00619641
0.0313249
0.00328415
0.00264894
0.00368288
0.035119
0.000768158
0.00209356
0.00545146
0.00252618
0.38675
0.000703114
0.0117958
0.0260397
0.000658535
0.00529994
0.0017609
0.011464
0.00554894
0.0180351
0.0264065
0.0445661
0.0220091
0.00446427
0.00416055
0.00395166
0.0030684
0.00380992
0.0201121
0.000611511
0.136153
0.00866732
0.00761772
0.100753
0.000624857
0.0271659
0.0541442
0.00319844
0.0958481
0.0334746
0.0321668
0.000594796
0.0143094
0.000553571
0.000525955
0.00130132
0.0071537
0.0176828
0.000808059
0.0219194
0.0101579
0.0012433
0.00155678
0.0492826
0.000512699
0.0446244
0.012629
0.0228
0.0211109
0.0085177
0.00328763
0.0238887
0.360036
0.011204
0.0264785
0.0846088
0.0640453
0.00294099
0.0841026
0.0107642
0.00544931
0.0448028
0.00578254
0.00286807
0.00141086
0.0323718
0.0110961
0.00477304
0.00755324
0.0324459
0.0685271
0.00130303
0.00282791
0.0366797
0.0128831
0.00131627
0.00125722
0.0730324
0.00518206
0.00112725
0.0370562
0.00470158
0.0119249
0.00383769
0.0362183
0.0227309
0.0138718
0.00879817
0.000670271
0.00370661
0.0367297
0.00535609
0.0141232
0.0215771
0.0367912
0.00197327
0.000489145
0.00352489
0.382089
0.0876833
0.0069416
0.00967805
0.000488885
0.000466515
0.00514852
0.0131264
0.00888882
0.00621874
0.070661
0.230937
0.0638584
0.0430702
0.00134314
0.015255
0.00126127
0.0117758
0.130277
0.0323145
0.010145
0.00267021
0.00515469
0.000454298
0.059458
0.00252474
0.00214325
0.032448
0.00925506
0.00109282
0.0181335
0.00112653
0.0373454
0.0239753
0.0027691
0.00163478
0.0124789
0.0083155
0.0088786
0.00105791
0.00089436
0.00101243
0.00614673
0.0199053
0.00942714
0.00347089
0.0165502
0.303097
0.0363294
0.011067
0.0151328
0.00866765
0.0101072
0.00114538
0.1767
0.00477134
0.05623
0.0140112
0.0140888
0.0154253
0.013498
0.00869954
0.00776139
0.0062568
0.000976432
0.000669673
0.010266
0.000353531
0.00534717
0.0380725
0.00825709
0.00388005
0.000988667
0.00700243
0.0796805
0.0375056
0.00617994
0.0116579
0.0376099
0.0201864
0.0436626
0.277974
0.00118278
0.0035116
0.00350344
0.00110082
0.038289
0.0191383
0.0010705
0.000628706
0.0536392
0.0477093
0.0477092
0.00249392
0.0347308
0.0691488
0.0113243
0.0235956
0.00517082
0.00754034
0.0477311
0.00452417
0.0133786
0.00801713
0.0146279
0.000898007
0.00364782
0.00450675
0.00808666
0.0779085
0.022059
0.000887272
0.0133814
0.00266884
0.000366331
0.0182922
0.0112983
0.157067
0.0103969
0.0408771
0.00368775
0.0402988
0.00863775
0.0201223
0.000440281
0.000916862
0.000423493
0.00522437
0.0211327
0.0173151
0.000334391
0.000392071
0.138022
0.00097599
0.0237496
0.00306372
0.0500745
0.0136197
0.000932519
0.00851166
0.0447258
0.00461385
0.0297538
0.000328177
0.143496
0.0160151
0.0416818
0.00373852
0.0270205
0.00622241
0.0444731
0.0246705
0.00310013
0.0267578
0.0643437
0.00669322
0.00290309
0.000854495
0.00791306
0.000372916
0.000862895
0.000831883
0.0209399
0.0121219
0.00277273
0.0163166
0.00280798
0.0686435
0.0191094
0.0191521
0.000392113
0.20523
0.0531586
0.0153635
0.00216701
0.0195358
0.0243105
0.00194292
0.0302735
0.0253647
0.0126958
0.185692
0.0024728
0.0166056
0.020834
0.014547
0.000541644
0.00410438
0.000864767
0.00869078
0.000813372
0.000824034
0.00186648
0.00163233
0.020427
0.000444228
0.0213831
0.000814473
0.00289498
0.00833564
0.0127318
0.00262118
0.0175257
0.00300885
0.0841562
0.00034054
0.0135919
0.0262733
0.0544081
0.0201433
0.0253142
0.0052417
0.00277792
0.0350266
0.000784703
0.0168594
0.0204283
0.00337254
0.0374722
0.00140279
0.000322381
0.000782416
0.000724279
0.00671181
0.0222296
0.00123207
0.0300089
0.0433781
0.00201687
0.00818522
0.00030556
0.0215517
0.00607722
0.0238548
0.179301
0.000296197
0.0541844
0.0255559
0.00347276
0.0130549
0.0029163
0.026364
0.00456287
0.000730067
0.00637379
0.00959912
0.03893
0.00554379
0.0269005
0.0136879
0.00876545
0.00530692
0.0225062
0.00254857
0.00534386
0.000695719
0.000673226
0.0129817
0.00387802
0.00280186
0.00851765
0.0332688
0.0022478
0.000344121
0.000726389
0.000700969
0.00460163
0.0157696
0.00332491
0.00682084
0.00400373
0.00228441
0.00262625
0.00182977
0.0947936
0.0234934
0.00819174
0.0162148
0.00509752
0.0194598
0.000485565
0.0136486
0.0568399
0.000321861
0.00763047
0.00557347
0.0222414
0.00399347
0.12797
0.00691953
0.000730322
0.0278035
0.0265245
0.0004122
0.00591933
0.0280784
0.00294745
0.00187737
0.000342565
0.0025676
0.00171791
0.0355758
0.0290383
0.0741728
0.0254047
0.00886761
0.0352615
0.00261305
0.000355422
0.00088657
0.0207424
0.000330592
0.00141075
0.0365251
0.000741143
0.000715523
0.0208414
0.00067214
0.00173845
0.0583702
0.0254371
0.00194167
0.00461645
0.00491123
0.00454765
0.00323157
0.00245056
0.000384356
0.000365241
0.000664814
0.00371483
0.212177
0.00462235
0.00376449
0.0243495
0.00995125
0.0161742
0.0087483
0.0117756
0.0105582
0.00685335
0.00922692
0.0215099
0.00217228
0.00930929
0.00227262
0.000368429
0.00182127
0.000351916
0.00711372
0.00401563
0.00245975
0.00242
0.000732354
0.0110778
0.00681589
0.239249
0.00193341
0.00232074
0.000730992
0.00208886
0.0298105
0.059856
0.0131269
0.0023262
0.00194667
0.0367493
0.0129995
0.0154002
0.00552474
0.01323
0.00412888
0.0575814
0.0159984
0.000298047
0.00326212
0.0154507
0.0253683
0.000291021
0.00522582
0.000673473
0.00186539
0.100995
0.0239963
0.0152222
0.019109
0.000579786
0.00662049
0.00273121
0.000257835
0.00898327
0.0245684
0.00423756
0.00025311
0.00102328
0.052103
0.0218879
0.00732226
0.00396594
0.000600772
0.00487956
0.0143796
0.00491172
0.00107512
0.011054
0.00994478
0.000566843
0.0148935
0.00817839
0.00600385
0.0652062
0.000566211
0.000378642
0.00445826
0.000546714
0.00661438
0.001187
0.00303029
0.0149524
0.0115075
0.0302739
0.00361662
0.000996357
0.000530424
0.00281138
0.000907039
0.0452589
0.00200074
0.0208386
0.00349973
0.000584611
0.0119984
0.00338809
0.000378113
0.00212927
0.000504652
0.00188123
0.0119081
0.00756213
0.00165211
0.270834
0.027508
0.00433648
0.00350928
0.00373937
0.00818904
0.00196354
0.00623728
0.0206444
0.00216334
0.00301
0.0226954
0.00398198
0.0252133
0.000313759
0.000300059
0.0965335
0.000536831
0.000521554
0.0191684
0.000840428
0.0144033
0.0139422
0.00179461
0.00473583
0.000358732
0.0304533
0.00089553
0.000570407
0.00213942
0.000494188
0.00182316
0.00183818
0.00939805
0.0284679
0.00167901
0.00966505
0.0185336
0.000332955
0.0407231
0.000478833
0.00266488
0.019338
0.00492462
0.00420416
0.00276605
0.0150096
0.000632718
0.00441852
0.0101411
0.000490484
0.253669
0.00540269
0.00216257
0.000510771
0.0093495
0.000258497
0.00668046
0.0297584
0.0136184
0.00383957
0.00915291
0.00823563
0.000611235
0.0016818
0.000567259
0.00210687
0.0351223
0.00481812
0.000482429
0.0171183
0.00202978
0.000464243
0.00454831
0.000467031
0.000450678
0.0523906
0.000480158
0.00868629
0.000467838
0.00208064
0.00366583
0.00680972
0.0047349
0.0301156
0.00023713
0.00170506
0.00237573
0.00043421
0.0244193
0.00162877
0.0238934
0.0107399
0.0124205
0.000438018
0.0238927
0.00247194
0.0156631
0.000449343
0.00292458
0.000226661
0.00192796
0.00423274
0.000218444
0.00228652
0.0211089
0.0761885
0.000220199
0.0176972
0.226798
0.00082232
0.030477
0.00655052
0.013665
0.00171025
0.00444013
0.00417256
0.0195916
0.00233374
0.000653809
0.0708724
0.000310432
0.00325126
0.0015483
0.00143298
0.00268407
0.00578991
0.0194962
0.000304561
0.0266168
0.011492
0.00978932
0.0196629
0.000688063
0.000309376
0.00658311
0.0101283
0.000473782
0.015332
0.00671991
0.00216789
0.00291879
0.00863608
0.197469
0.000784993
0.01654
0.0113738
0.0033872
0.000528146
0.0134858
0.000457042
0.00993319
0.00413543
0.00960218
0.000294653
0.000454564
0.0724361
0.0448485
0.0113762
0.0143845
0.0182017
0.00355243
0.00954591
0.00610123
0.0019956
0.0711785
0.00425068
0.054139
0.0129038
0.0136493
0.00074176
0.00029981
0.000285126
0.00287708
0.000496903
0.00974793
0.00226781
0.0120535
0.0174107
0.0041307
0.000463584
0.000233091
0.00995718
0.00318034
0.00323325
0.0192867
0.0120346
0.000439859
0.00171915
0.00023181
0.0722774
0.0159116
0.00202762
0.00663933
0.00055204
0.0389401
0.0565483
0.0088481
0.0137363
0.0143207
0.00623561
0.00888927
0.021846
0.0168076
0.0025757
0.0168764
0.000212731
0.00461616
0.00127768
0.136791
0.0150151
0.0167256
0.000452155
0.010116
0.0117583
0.00123914
0.0426652
0.00326098
0.0318791
0.0322113
0.0181465
0.00114646
0.0274112
0.00615235
0.00020279
0.00744439
0.000345639
0.010024
0.00105243
0.084489
0.0102512
0.000471311
0.0140721
0.00842962
0.000191826
0.00568738
0.00471872
0.0547531
0.024179
0.000435636
0.00201161
0.00550675
0.000191635
0.000411948
0.00776437
0.00546594
0.00038662
0.00289463
0.00670434
0.000395406
0.0018439
0.0115368
0.00820408
0.0196345
0.00206256
0.00170577
0.0258866
0.00336666
0.05202
0.00537744
0.0125666
0.000423532
0.00102106
0.000181839
0.0164747
0.00353799
0.00350998
0.00313656
0.00181149
0.180132
0.0174822
0.00590526
0.000363638
0.0548532
0.0116651
0.0152295
0.0119029
0.044611
0.0269112
0.0134931
0.0411423
0.00305327
0.0262877
0.00101358
0.00031097
0.00096875
0.00630961
0.0115717
0.00325209
0.00085289
0.000356801
0.0168802
0.00491573
0.00857437
0.0196084
0.0989961
0.0269184
0.000188444
0.00603137
0.0547483
0.0301188
0.010434
0.00774422
0.0100013
0.00297693
0.00595396
0.00379652
0.00119807
0.0272292
0.00594861
0.00934267
0.000377525
0.00262921
0.00113485
0.000365964
0.0018553
0.0210986
0.000372764
0.00531577
0.00108634
0.00362215
0.00265661
0.00100578
0.01174
0.0233857
0.000270366
0.00035587
0.0112507
0.00172478
0.00127596
0.0041229
0.000667763
0.00780466
0.0194605
0.00138405
0.0322027
0.000988514
0.00165652
0.000336119
0.000184494
0.00381997
0.00198331
0.14996
0.000345312
0.000176859
0.000397564
0.0151893
0.00503984
0.00933201
0.0220831
0.000165171
0.00988325
0.00644378
0.000354518
0.00191104
0.00640224
0.00341919
0.000156337
0.00519748
0.00359333
0.00287761
0.00159932
0.00337822
0.00271138
0.000346251
0.00189276
0.000812647
0.00162375
0.0020942
0.0129232
0.00124916
0.00734966
0.000333857
0.208475
0.000840539
0.000345221
0.00892437
0.00191164
0.00852911
0.00412429
0.00402844
0.0221706
0.0120091
0.00485799
0.0665292
0.0229108
0.000384327
0.0133778
0.00175476
0.000901423
0.00526842
0.000264447
0.0121285
0.000157604
0.00152802
0.00664614
0.00517012
0.000222277
0.00958453
0.00896362
0.0313257
0.00457609
0.00780638
0.00406177
0.000323983
0.00150405
0.00914353
0.0219129
0.00584095
0.000310226
0.119305
0.00160989
0.0112092
0.0238486
0.0201293
0.0055223
0.000828731
0.000751647
0.0016709
0.00146578
0.00491345
0.00989369
0.00122629
0.00249763
0.00272127
0.00996403
0.144644
0.000357004
0.00754527
0.00568852
0.00165844
0.0154179
0.000652476
0.00829449
0.0527956
0.000360696
0.00737814
0.000270109
0.00101756
0.00997646
0.000154582
0.00665805
0.00149684
0.000150483
0.00481254
0.000286569
0.000146032
0.0117775
0.0319795
0.00129926
0.000142439
0.00101905
0.0613358
0.0086267
0.0209999
0.00459492
0.00796004
0.0130189
0.00484009
0.0112772
0.00126497
0.000250654
0.00843115
0.000220755
0.0109781
0.00202261
0.019509
0.00240468
0.00303935
0.0135634
0.00798694
0.00227583
0.00162823
0.0375674
0.00430804
0.000337718
0.00387944
0.000322934
0.0114283
0.000294419
0.00667439
0.00033101
0.000259603
0.145864
0.00642911
0.012782
0.00535426
0.00916032
0.018352
0.000989674
0.00258363
0.0221498
0.000324411
0.00200109
0.00500509
0.000951235
0.0117425
0.000188374
0.00917695
0.000147756
0.00832588
0.00795513
0.00560213
0.00419446
0.00800038
0.00129831
0.00281859
0.00227549
0.00277922
0.000913212
0.00994558
0.00129613
0.00120079
0.0069818
0.000892549
0.0411637
0.00507744
0.000750317
0.00387814
0.00342081
0.000869683
0.00107984
0.00355205
0.000277441
0.000159562
0.00205864
0.00452038
0.000154612
0.000271349
0.00440279
0.0033854
0.00102001
0.0250707
0.00250674
0.000825073
0.00383138
0.00366581
0.000807256
0.00437204
0.0033525
0.00265925
0.000166948
0.000253847
0.000257422
0.000188606
0.000597806
0.000556668
0.033345
0.000258583
0.00104519
0.120526
0.0200972
0.000162574
0.00176815
0.0208133
0.000303015
0.000264535
0.000826319
0.0021473
0.0012747
0.00162148
0.00157515
0.00120948
0.00959343
0.00777775
0.000161814
0.0574883
0.0105762
0.0014482
0.000264457
0.00146883
0.0447649
0.00116629
0.000277292
0.000284601
0.0303934
0.056988
0.000922065
0.00578815
0.000889874
0.0402865
0.000287511
0.019909
0.000153089
0.00521833
0.00343681
0.00386377
0.000283797
0.0113206
0.000869763
0.000795327
0.0176365
0.0119828
0.000691754
0.00916546
0.0294356
0.000294299
0.0412752
0.00653621
0.0242726
0.00118495
0.0208731
0.0106198
0.00157272
0.00345841
0.00506507
0.00765357
0.0185674
0.0105583
0.000237463
0.0177106
0.0145255
0.00830511
0.000259103
0.00580761
0.0147601
0.000272816
0.00172315
0.00551649
0.00373266
0.0028735
0.00856838
0.000832595
0.0068544
0.00763977
0.00378495
0.00637578
0.00492682
0.00341332
0.000777684
0.000733037
0.00310952
0.15342
0.00322024
0.0115628
0.00554994
0.000143992
0.000627572
0.0222491
0.000686315
0.0168038
0.000267059
0.00251149
0.000258008
0.00141087
0.000234399
0.00438204
0.00118929
0.00576059
0.0629457
0.000577916
0.00116778
0.0187079
0.000536206
0.000990894
0.00497819
0.00419426
0.000490747
0.00751574
0.00317256
0.000477135
0.0295385
0.000522569
0.016764
0.00165786
0.0061801
0.000232763
0.0304859
0.0026374
0.000910959
0.000227999
0.0127355
0.00651961
0.0156415
0.0118291
0.000821783
0.00353347
0.000231834
0.000925603
0.045754
0.0191756
0.00260851
0.00931457
0.00672156
0.000146033
0.00817919
0.00235761
0.0012373
0.000897857
0.00021793
0.00191382
0.00495645
0.0219977
0.000198062
0.00270961
0.0030093
0.00608113
0.00423226
0.000823649
0.000772664
0.000700599
0.00262823
0.0100304
0.000202532
0.00122637
0.0108997
0.000196889
0.00212991
0.00194295
0.132605
0.000164829
0.000614359
0.0103696
0.00452567
0.00740384
0.000154588
0.0106347
0.0344641
0.0126285
0.00399578
0.00109846
0.000159523
0.00062213
0.00636184
0.000222208
0.00505065
0.00378473
0.00494046
0.000676869
0.00103241
0.00151707
0.00295865
0.0340974
0.0251695
0.000619842
0.002892
0.015203
0.000258721
0.00114201
0.000250217
0.00456529
0.00938676
0.000238942
0.00161538
0.00100598
0.00135956
0.00020195
0.0234272
0.00456163
0.000737615
0.000238601
0.00240394
0.00275752
0.00461545
0.00656765
0.00265991
0.000135637
0.0127804
0.000203711
0.000653854
0.0016087
0.0291362
0.000200386
0.00206337
0.00678831
0.0109868
0.0115977
0.000680688
0.0188649
0.00374945
0.000618218
0.00262918
0.0145019
0.000185893
0.00965895
0.00300194
0.000135359
0.000646365
0.000598462
0.000131365
0.000127798
0.000550676
0.00249807
0.000124223
0.00139363
0.00122699
0.000170139
0.00742499
0.000241826
0.000520033
0.00208894
0.000483621
0.1152
0.00240057
0.0112953
0.00660131
0.000511723
0.00113958
0.000520386
0.00687605
0.00100454
0.0074567
0.000537658
0.00256977
0.0030928
0.00574542
0.00278112
0.0106014
0.00287652
0.00180167
0.00232491
0.0015093
0.012475
0.00538723
0.000245659
0.000240404
0.00128881
0.00113768
0.00423458
0.00763526
0.0124939
0.0300322
0.000429689
0.00764505
0.00533833
0.000127481
0.0141157
0.00226156
0.000124225
0.000379669
0.00387388
0.00160368
0.00415077
0.129898
0.000170799
0.000425931
0.0210833
0.0245195
0.00900157
0.000119179
0.00508421
0.00625387
0.00335409
0.000365568
0.00422192
0.0046989
0.000227838
0.000223492
0.000219281
0.000120176
0.0011421
0.00427992
0.00240137
0.00313789
0.00210325
0.00330236
0.00107595
0.000336413
0.00618478
0.046035
0.01208
0.00273143
0.000217551
0.00324862
0.00607511
0.00356038
0.00303735
0.000210146
0.000150062
0.00940236
0.00304491
0.00237376
0.000141862
0.00369246
0.00282479
0.000466368
0.000197312
0.00241261
0.0001229
0.0246194
0.001403
0.000563353
0.00036747
0.0266267
0.0231308
0.000214881
0.00416727
0.0172845
0.00100237
0.000146895
0.00470954
0.00637705
0.00107259
0.000431668
0.00420397
0.000417516
0.000109305
0.00260459
0.00422577
0.0152707
0.000137985
0.000388109
0.000405674
0.000365389
0.00506394
0.000884417
0.00184337
0.00192884
0.00293961
0.00808679
0.00134928
0.000113419
0.0162622
0.00445071
0.00338308
0.00164731
0.00140806
0.0042277
0.000401453
0.00803753
0.000113084
0.0166304
0.000213181
0.000942848
0.00085081
0.000860964
0.00558175
0.0011656
0.000103257
0.00327427
0.000970577
0.00250805
0.00159461
0.000411083
0.000147977
0.198827
0.00447512
0.0039488
0.000212805
0.00689028
0.0155826
0.000102789
0.000100398
0.00455196
9.81415e-05
0.00013399
0.000474702
0.00343831
0.00554622
0.00446807
0.00225543
0.00107182
0.00329933
0.000204982
0.0165218
0.00939692
0.00548358
0.002813
0.000511596
0.000476572
0.00799927
0.00767038
9.37654e-05
0.000146931
0.00463292
0.00020919
0.00576417
0.00419297
0.00673598
0.000395298
0.00297983
0.00242346
0.00100703
0.00339001
0.00532168
0.00158009
0.00467582
0.00310561
0.000195048
0.00417607
0.00855307
0.0194414
0.0002065
9.56297e-05
0.00159432
0.00198271
0.00167312
0.00433023
0.00176244
0.00131693
0.000933715
0.000453791
0.117926
0.000204156
0.00013012
0.00202661
0.000201937
0.000972379
0.0017522
0.0110862
0.0151975
0.000854155
0.00611071
0.00306502
0.00373575
0.0358824
0.000223323
0.0247729
0.0086487
0.00781267
0.000143626
0.0406724
0.00049761
0.0023917
0.000485747
0.000201596
0.00661967
0.00988157
0.00319777
0.0126687
0.00245188
0.044899
0.000443592
9.19825e-05
0.00177738
0.000516479
0.00188723
0.00509037
0.00981996
0.00019253
0.00709739
0.000184448
0.0100091
0.000448246
0.005358
0.000403187
0.0001533
0.00421459
0.000182035
0.00346331
0.00216249
0.000192378
0.00140869
0.00262496
0.00467956
0.00166597
0.00181347
0.000188604
0.0013261
0.000184913
0.000139778
0.000885435
0.00132274
0.00346933
0.0148223
0.00306711
0.000168327
0.001039
0.000135546
0.00299264
0.000406082
0.000430851
0.00621206
0.000868478
0.010202
0.00197415
0.00460504
0.00159313
9.48522e-05
0.000987176
0.00131243
0.183237
0.00229159
0.000194648
0.0014792
9.33193e-05
0.00312699
0.00123811
0.000442387
0.00907873
0.00193218
0.000374466
0.00600949
0.000816509
0.0133856
0.00131261
0.0168811
0.000379506
0.00461108
0.00161092
0.0081691
0.00152783
0.00131849
0.000127072
0.00170939
0.00293992
0.00220764
0.000348409
0.000329037
0.00281772
0.000113898
0.0013916
0.00241927
0.0193423
0.000816359
0.0151166
0.121022
0.00256373
0.00919703
0.0274177
0.000946363
0.000304695
0.0037735
0.00283229
0.000117114
0.000837498
0.00663669
0.00241964
0.000295768
0.000817067
0.000188347
0.00337586
0.00829245
0.000570629
0.00588334
0.0166352
0.00152447
0.00316361
8.94083e-05
0.0111438
0.00119727
0.00831624
0.00856276
0.000174847
0.000204555
0.058565
0.000383625
0.0101481
0.00198785
0.000183174
0.00732683
0.000218076
0.000177114
0.0142386
0.000125156
0.00012097
0.000493299
0.000173168
0.00498873
0.00156424
0.000547537
0.0105377
8.61129e-05
0.0016303
0.00772122
0.00749137
0.00526236
0.00889229
0.00435972
0.00532003
0.0041788
0.000165539
0.00136153
0.00194065
0.00250208
0.000217949
0.000108717
0.00188697
0.000433198
0.0881276
0.00548063
0.000581886
0.000104999
0.00432309
0.0051408
0.00263126
0.000759173
0.000713269
0.00437209
0.0004691
0.00170315
0.00395734
0.000455964
0.000687747
0.00156605
0.000478368
9.73652e-05
0.0383286
0.00718612
0.00496867
0.000447762
0.00633882
0.00168718
0.00235662
0.00476788
0.00635038
0.000766699
0.000718903
0.00308315
0.00396261
8.61435e-05
0.000667453
0.00965029
0.0347596
0.00365459
0.00809489
0.000210059
0.0220125
8.96943e-05
0.0233223
0.0106779
0.000380321
0.0135095
0.0212385
0.00786385
0.00696666
0.000121161
0.00483891
0.0207428
0.00246494
0.000714707
0.000400423
0.00257771
0.000210108
0.012539
0.00166338
0.000314211
0.000295805
8.61227e-05
0.000487642
0.00806374
0.000178481
0.00279964
0.00679886
0.00307556
0.0117124
0.00581732
0.0119211
0.000188837
0.00987264
0.000271858
0.000257292
0.022594
0.00221966
0.00185072
0.00378391
0.000170917
0.00661808
0.000165675
0.000180979
0.000481247
0.000100482
0.00394143
0.000161277
0.00118698
0.00413489
0.012777
0.000253641
0.000154716
0.0006249
0.00389575
0.00803994
0.00281009
0.00665254
0.00213366
0.000148242
8.82735e-05
0.00735051
0.00699993
0.000174436
9.66779e-05
0.000471291
0.00043558
0.000171505
0.000932891
8.48345e-05
0.000407373
0.000638267
0.00223039
0.000163786
0.00016093
0.00022289
0.00172645
0.00487287
0.0057965
8.82377e-05
8.28807e-05
0.00283896
0.000147425
0.000153981
0.0133921
0.00981003
9.61304e-05
0.000144246
0.000157756
0.00676103
0.000155455
0.00466554
0.000397293
0.0003703
0.000843191
0.00409033
0.000649978
0.00384681
0.000869575
0.00194308
0.00062198
0.000137945
0.00552782
0.00431127
0.00158477
0.00532411
0.00130838
0.000570955
8.26277e-05
0.00132155
0.000359865
0.00313185
0.00490198
0.00958632
9.68528e-05
0.0128884
0.00372902
0.000863769
0.000622633
0.0125065
0.00682372
0.00117599
0.00746052
0.000328983
0.00123109
0.000256703
7.7281e-05
0.00493944
0.000328732
0.000135861
0.000153208
0.0047131
0.000960058
0.139918
0.00894489
0.00022346
9.93066e-05
0.00900906
0.00484399
0.000315592
0.000674567
0.00381984
0.000628902
0.00251663
0.000589838
0.000265663
7.70957e-05
0.00288887
0.00234885
0.00376748
0.00477512
0.00140762
0.00200162
0.00414294
0.000305323
0.000167262
0.00711094
0.00129949
0.00431579
0.00882294
0.00629123
0.00485337
0.00385993
0.000547937
0.00107428
0.000866998
0.0010843
0.00270957
0.00803718
9.5203e-05
0.00244786
0.00129171
0.00208009
0.000155691
0.000386769
0.000898285
9.68103e-05
0.000711972
0.000790013
0.000130773
0.000252402
0.00180983
0.000713952
0.00539651
0.000594874
0.0015173
0.0012772
0.000255906
0.000242206
9.90413e-05
0.000229265
0.0285452
0.0136122
0.00803985
0.00159997
0.000133794
0.00129266
0.00055605
0.00433619
0.0026461
7.71586e-05
7.55063e-05
0.00510811
0.00689243
0.000215278
0.00152764
0.000151648
0.00567577
0.001763
0.0053196
0.000719988
0.00468672
0.0013623
0.00851494
0.000128931
0.00424903
0.00129072
9.09691e-05
0.00169797
0.00585512
0.168075
0.00258126
0.00550533
0.00267695
0.000139428
7.4459e-05
0.00636173
0.00489632
0.00300608
0.000287754
0.0449987
0.00037835
0.00591191
0.0165774
0.00722023
0.0112294
0.000330056
0.0126105
0.000290801
8.00569e-05
0.00178893
0.0158278
0.00876023
0.0108999
0.00664711
0.00163066
0.000144057
0.00327469
0.000232179
0.00644134
0.0149594
0.00125673
0.000136505
0.00469318
0.00129633
0.00228039
0.0343296
0.000171576
7.46081e-05
0.00024048
0.0018784
0.00142868
0.00679029
0.00363533
7.38232e-05
0.000140197
0.00503115
0.000532925
0.00324411
0.0016923
0.00325866
0.000346302
0.00287119
0.00166563
7.50259e-05
0.00313495
0.00164275
7.33104e-05
0.00248258
0.002905
0.00126345
0.000311557
0.000553703
0.00458047
0.00160574
0.00157802
0.00250479
6.58421e-05
0.00619588
0.000984958
0.00433038
0.00935587
0.000298845
7.1492e-05
0.00154627
0.0117361
0.00100023
7.00428e-05
0.00141368
0.00824094
0.00279815
0.0024801
0.107332
8.25881e-05
0.00256842
0.00396883
6.90937e-05
0.00890878
0.00600787
0.000356915
0.000334195
9.39152e-05
0.000538531
0.000510142
0.000340974
0.0494242
9.04313e-05
0.00591985
0.00223437
0.000921187
0.00308954
0.00181899
0.005095
0.00641127
0.000719284
0.00308486
0.00206084
0.00331053
0.000178188
0.00381595
0.00278863
0.000496235
0.00164969
7.32514e-05
0.00140558
0.000491103
7.23096e-05
0.033403
0.000490097
0.00580211
0.00598051
0.000422933
0.00323179
0.000149093
0.00126241
0.0125744
6.78006e-05
6.64739e-05
6.51895e-05
0.000167216
0.00455787
0.000981013
0.00455594
0.00156472
0.00177236
0.000180838
6.57614e-05
0.0034063
0.000403453
0.00919401
0.0014007
6.24904e-05
0.00601398
0.00231542
8.755e-05
0.000849959
0.000144365
0.000173609
8.45825e-05
0.0929856
0.0179762
0.00643603
0.000352118
0.00294189
0.00014672
0.00637044
0.00684523
8.05891e-05
0.00447731
0.000548382
0.000140384
0.00286876
0.000138323
0.000524169
0.000138377
0.000540308
0.000135916
0.000133889
0.00411574
0.0077094
0.00327629
7.83151e-05
0.00286077
0.000472397
0.0346538
0.0111409
0.0120486
0.00129492
0.00909116
0.000862971
0.00968735
0.0177889
0.000804623
0.00228453
0.00353694
0.000623433
0.000574879
0.00276742
0.000134637
0.000156823
0.000135586
7.27302e-05
0.0044895
0.00112628
0.00713475
6.10509e-05
0.00268541
0.00198819
0.00984672
0.00377351
0.00260569
0.000164414
0.000761938
0.00108001
6.99377e-05
0.00160484
0.00137098
0.000438826
0.00811337
0.00274296
0.00673431
0.000119898
0.000412229
0.0950027
0.00523374
0.00565547
0.00265217
6.13902e-05
0.000205525
0.000701722
6.01855e-05
0.00312213
5.91072e-05
0.00443835
0.000141545
0.00309051
0.000138144
0.000550881
0.000179053
0.00119883
0.00450352
0.000984006
0.00780694
0.0499878
0.00053049
0.00211404
0.00447485
0.00328877
0.00836708
0.00769456
0.00557853
5.62793e-05
0.00298215
0.00174335
0.00147201
0.0031721
0.00279802
0.00452673
0.00722639
0.0013693
0.000994473
0.000878046
0.000902931
0.00664181
0.000132644
0.000528837
0.000129153
0.057391
0.00254774
0.00049584
0.000130926
0.000370978
0.000133313
0.00622222
0.00686787
0.000349328
0.00223178
0.000125953
0.00307768
0.00316945
0.0437082
0.00533895
8.47943e-05
5.33671e-05
0.00348947
0.0233773
0.00904327
0.0144498
0.000165258
0.000142107
0.00909548
0.000547257
0.00834209
0.00385815
0.00310413
0.00013201
0.0052452
0.00153153
0.000916862
0.01098
0.000133289
0.00411049
0.00022614
0.000214113
0.000477866
0.00723867
0.00506046
0.000196203
0.00448789
7.13823e-05
0.000122056
0.00624354
0.000125922
0.0012417
0.000165727
0.00440386
0.0031972
0.00263592
0.000161627
0.00505928
0.00128329
0.00365604
0.000123534
0.00016143
0.000120974
0.000120304
0.000360119
0.0079566
0.00100187
0.00353984
0.00168472
0.00215876
0.000352222
8.38456e-05
0.000731995
0.00480877
0.0823188
0.00837269
0.00364704
0.00270448
5.43788e-05
7.20032e-05
0.000126852
0.00297922
0.00354691
5.35439e-05
0.00050044
0.00506583
0.0363508
0.00252036
0.013114
0.00677131
0.00830681
0.000126568
0.00418903
5.06914e-05
0.00464395
0.00131725
0.00114954
0.000156724
0.00181996
4.92006e-05
4.83649e-05
4.75527e-05
8.02037e-05
0.000675718
0.000121664
7.65905e-05
0.00310063
0.000143934
0.000903896
0.00170872
0.00109703
0.00665584
0.002443
0.00154168
0.00238528
0.0643194
0.00520383
0.000115506
0.000502671
0.00126733
0.00328817
0.00368999
0.00791874
0.00210119
0.00495839
0.00379513
0.000597406
0.000439111
0.00292336
0.0415406
0.00685252
0.00298907
0.000551334
0.00261991
0.00258835
0.00669315
0.00827686
0.00272647
0.00217998
5.0072e-05
0.00177135
0.000467187
0.00286081
0.00095804
0.000114562
0.000365825
0.00477241
0.00126593
0.00053215
0.000112493
0.00231814
0.00198061
0.00245001
0.0597912
0.00512381
0.00040131
0.000375464
0.000352278
0.00375384
0.0038801
0.00240792
0.00727028
0.00352651
0.00515828
0.0454129
0.0127788
0.00602491
0.00200633
0.00168971
0.000309632
0.00397563
5.115e-05
0.00279651
6.42172e-05
0.00237664
0.000527099
0.00304047
0.0166197
0.000120592
0.0069976
0.00147165
0.000120379
0.0060023
0.000113959
0.00127624
0.00230395
0.00142001
5.11913e-05
0.00102356
0.00124127
5.931e-05
0.00698665
0.00107702
5.66413e-05
0.000108067
0.000469078
0.000118819
0.00249459
0.00434579
0.000105512
5.86285e-05
0.00210856
0.00268766
0.000508236
5.67792e-05
5.56234e-05
0.00113522
5.17884e-05
0.0036587
0.000103508
5.64634e-05
0.00194055
0.00684735
0.00683977
0.00217941
0.00154465
0.0004207
0.00695319
0.000365322
0.00118455
5.69309e-05
0.0035114
0.000324626
0.00112592
0.000441357
5.22165e-05
0.000111179
0.00091772
0.0640824
0.00191941
0.0032157
0.00174765
5.28954e-05
0.000293424
5.20068e-05
0.0117539
0.0083025
0.00412427
0.00299296
0.000108138
0.000106669
0.00586309
0.00332105
0.00231192
0.0156234
0.00420617
0.00511988
0.000816624
0.00455515
0.000126122
0.00307018
0.00260659
0.00161621
0.00633844
0.000829829
0.000649929
0.0002642
5.21085e-05
0.011769
0.000483036
0.00159
0.00320353
0.0397148
5.26763e-05
0.00404442
0.0014997
0.000858368
5.0068e-05
0.000763668
0.0191205
0.000670252
0.000484955
0.00291314
0.00247
5.33382e-05
0.00741557
0.00174922
0.000196097
0.00440669
0.000439763
0.000187598
0.00292746
0.00311086
0.00215979
0.00259521
0.00205437
0.00597221
0.000332987
5.10845e-05
0.0196504
0.000114275
0.00797691
0.00231906
0.00606793
0.0019268
0.000313193
0.0072265
0.000110484
0.00017462
5.1447e-05
0.0120343
5.58226e-05
5.46782e-05
0.000106636
0.00789334
0.000299434
0.00167315
0.00179595
0.0275373
0.00976256
0.00104784
0.000417042
4.76148e-05
0.000106024
0.0033776
0.00531433
0.00637291
0.00118038
0.00245856
0.000878563
0.00454123
0.000157369
0.000268493
0.00122762
5.00688e-05
0.0107649
0.000167557
0.00226344
0.0155772
0.0058899
0.00376064
0.000104369
0.000104151
0.0019791
0.0112378
0.000100281
0.0214403
0.0105542
0.00395101
0.000465402
0.00171901
0.00237421
0.00524648
0.000298646
0.00394217
0.000422677
0.000432736
4.44472e-05
0.00947093
0.00115979
0.00101158
0.0026041
0.000833766
0.00276117
0.00273397
6.38334e-05
0.000101277
0.000515472
0.000850772
0.000463033
9.72615e-05
0.00563632
5.77638e-05
0.000739757
4.43315e-05
0.0733893
0.0159958
0.00351388
0.000479373
0.0042564
0.00883881
0.0127831
0.00804788
0.000459057
0.00151709
5.48072e-05
0.000437475
0.00847719
5.69317e-05
0.000174531
0.00546852
0.0147053
0.00506023
0.00328934
0.00309205
0.00259101
0.000288615
4.37691e-05
4.30911e-05
4.24305e-05
0.000165959
0.00466815
0.00207143
0.0112149
0.00564411
4.30274e-05
5.51707e-05
0.00351406
0.00350241
5.18145e-05
0.0039422
0.000435703
0.00132632
0.00307475
0.00248365
0.00516896
0.000405802
0.00379736
0.000286782
0.00095632
0.00132608
9.84095e-05
4.3853e-05
0.00324268
0.0010024
0.00563681
0.0497774
4.26204e-05
0.000101198
0.00323741
0.00236623
0.00118598
0.00204051
0.00761275
0.00299148
9.81128e-05
0.00242103
0.00186199
5.4568e-05
0.00127759
0.00109422
0.00113563
0.000861685
4.3735e-05
0.00605305
0.00638952
0.000420632
5.12261e-05
5.01931e-05
0.000100282
0.00241423
0.00085247
0.00511525
4.81241e-05
0.00585469
0.000177572
0.00102145
0.00189678
0.000733227
0.000593684
0.00170295
0.0587074
0.00150673
0.00374187
0.00128303
0.00111735
0.0207697
0.000163328
0.0012343
0.000101372
0.00829005
0.00450344
0.00819618
0.000466263
0.000445448
0.000293638
4.93377e-05
4.2267e-05
0.00212579
0.00260831
0.00834339
0.010957
0.000517413
0.0032103
9.89472e-05
9.81348e-05
0.00223299
0.0105258
0.00680827
0.000285068
0.00858483
0.00120089
0.00107075
0.00228344
0.00100794
0.00089128
0.000402059
0.000277329
0.000262021
0.00193219
0.000159298
0.00458073
4.41104e-05
0.00776324
0.0001524
0.00509104
0.00461546
9.41529e-05
0.00185622
0.000876482
0.0105249
9.69803e-05
0.000247293
0.00706309
8.98773e-05
0.000431065
0.00801617
0.00142393
0.00147645
0.00202124
0.000405264
0.00187538
0.00316487
4.07307e-05
0.00184533
0.00436717
0.0015948
0.00673451
0.00581541
0.000485661
0.000450662
5.30665e-05
9.14947e-05
0.0057206
9.38766e-05
0.00016262
0.000240924
0.000155888
3.88138e-05
0.00460893
0.00111808
0.00153373
0.00165763
0.000144362
0.0368327
0.000242183
0.00140936
0.00383305
0.000412417
0.00288353
0.0180055
3.93358e-05
0.000134794
0.00346709
0.00382262
0.00266114
0.00162639
0.00100093
0.000357835
0.000248251
0.000235594
0.00012568
0.003224
0.00486928
0.00362983
0.000432384
0.00476768
0.000384916
0.000888628
3.69492e-05
0.00104762
0.00184637
0.00104268
8.65606e-05
0.000872028
0.00402441
0.00503502
8.52208e-05
0.00475898
0.00154842
0.00427991
0.00317276
0.000280793
0.00137416
0.0254211
0.00972062
3.75876e-05
0.00133501
0.00241103
4.74614e-05
4.65518e-05
0.0029431
0.000418089
0.00654839
0.00039399
0.00201033
0.000252732
0.00128301
0.00328015
0.00104231
0.00253404
0.000866105
0.00167731
0.00146335
8.42556e-05
8.31841e-05
0.000873705
0.00184191
0.00062879
0.000133945
9.26982e-05
4.20308e-05
0.00433085
4.09174e-05
8.15083e-05
9.21068e-05
0.000271499
0.000388474
0.000225389
0.00300206
0.00455593
0.000367555
0.00679049
0.0483992
0.000379508
0.000283333
0.00648466
0.000268075
0.00201311
0.00300462
0.000284696
0.0147173
0.00229317
0.00399427
0.000255915
0.00245212
0.0125145
4.41399e-05
0.000802152
0.00024521
0.00537911
0.00475217
0.000868055
0.00934899
4.00056e-05
0.00180623
0.011125
3.83265e-05
0.00143509
0.00281317
0.013119
3.77591e-05
9.66259e-05
4.58707e-05
0.000277259
0.000412486
0.00039516
0.00325547
0.002439
0.000380076
0.000124963
0.000120722
4.36379e-05
0.0013886
0.000115774
0.00963593
0.000361426
0.00240449
8.95419e-05
0.000251402
0.00140635
0.000277976
0.000262702
0.00414963
4.21773e-05
0.00364294
0.00619338
0.0046455
0.00654234
3.71917e-05
0.000455919
0.00174274
0.000233922
3.62691e-05
0.00272683
0.00102853
0.000932227
8.92773e-05
3.55107e-05
0.000770563
0.000760409
0.000209849
0.00060708
0.000201437
0.000533672
0.00497967
0.000150919
3.4992e-05
8.62823e-05
0.00162951
0.00122289
0.000661404
0.00252824
0.00411701
0.00303301
0.000144851
0.00594183
0.0364178
8.97009e-05
0.00596504
4.65642e-05
0.0044366
3.48784e-05
8.73339e-05
0.000358984
3.42119e-05
0.00213038
3.37252e-05
0.00148141
0.000302548
0.00183985
0.00168682
0.00101152
0.000255064
0.000371335
0.00734275
0.00094858
3.33171e-05
0.000346745
0.000290327
0.0271751
0.00427233
0.0012568
0.00167368
0.00110118
0.00282532
0.00141307
8.45455e-05
4.08176e-05
0.0038239
4.2073e-05
8.29436e-05
0.00101263
0.00233296
0.00335015
0.000251661
0.00127817
4.00054e-05
0.000138982
0.000295477
0.0226687
0.0013228
0.00149607
0.000925558
8.84696e-05
0.000243894
3.81552e-05
0.00278159
0.00205345
0.00142863
8.23996e-05
0.00600063
0.00176568
0.0222906
0.00032443
8.41767e-05
0.0027267
0.00107187
0.000137915
0.00133928
0.00450509
0.000358258
0.00144037
8.65964e-05
0.00122763
3.73107e-05
0.0106707
0.00533251
9.07593e-05
0.00903058
8.81997e-05
8.70961e-05
0.00362558
0.00225131
8.36896e-05
8.63234e-05
0.00232906
0.00132903
0.00163744
0.00183727
0.0140674
0.000374039
0.00216129
3.30406e-05
0.00208818
0.00977019
0.00151388
0.00138735
0.00118792
0.00122485
3.2367e-05
0.00015825
0.000214865
0.00120157
0.00108318
0.00109953
3.23453e-05
0.000146757
0.000140797
0.00150321
0.000202451
0.000950738
0.00176499
0.00111439
8.13013e-05
0.00936937
0.00363198
0.000128171
0.0061167
0.000874612
0.000193074
3.63003e-05
0.000344896
3.32314e-05
0.00138702
0.022548
8.21089e-05
0.009139
0.00313996
0.00115041
0.00123082
0.00548149
0.00142974
0.00247363
0.00158361
0.00194844
0.000678124
0.00170235
0.000809606
0.000269945
0.00390097
0.000736079
0.00577718
8.20892e-05
0.00165605
0.000356673
0.000680904
0.000136062
0.000696273
0.00194
0.00235635
0.0442893
0.000927717
0.000136302
0.000131313
0.00118399
0.00612703
3.41885e-05
8.34543e-05
0.00435952
0.00451474
3.35245e-05
8.42894e-05
0.000915924
0.0016021
0.00077122
0.000219832
0.000209078
0.000692631
0.000825452
time: 1988 ms
