cycle 3, cycles: 3000
1.24766
0.852746
0.949846
0.687154
0.295193
0.904401
0.754914
0.538617
0.543757
0.53615
0.377555
0.5062
0.477955
0.164968
0.607199
0.552168
0.53199
0.297487
0.10358
0.306327
0.0497407
0.623229
0.491195
0.202189
0.138197
0.100135
0.480756
0.231016
0.29647
0.533026
0.083557
0.286943
0.08785
0.637469
0.310424
0.273427
0.374729
0.101429
0.748944
0.536508
0.173787
0.345657
0.307913
0.0652167
0.278117
0.177577
0.459256
0.508484
0.110555
0.450211
0.0754718
0.346411
0.332714
0.0593428
0.418426
0.194771
0.503528
0.0595023
0.0627582
0.0739719
0.196612
0.434817
0.176121
0.159652
0.0523571
0.379393
0.0418746
0.0836046
0.455126
0.17249
0.0544535
0.71118
0.20186
0.305747
0.0930479
0.237322
0.0803295
0.246142
0.0501351
0.302695
0.120866
0.299185
0.489038
0.0356149
0.494387
0.029243
0.074229
0.0375355
0.0762108
0.0247384
0.378836
0.347564
0.232702
0.0700781
0.0244588
0.147547
0.213361
0.133125
0.0734185
0.045745
0.482102
0.114032
0.017984
0.0275822
0.0174829
0.123202
0.110554
0.0378743
0.0166406
0.340488
0.0671845
0.399057
0.191028
0.0576083
0.0940963
0.032506
0.399554
0.059467
0.544817
0.0620976
0.193119
0.0797796
0.0353994
0.0212871
0.0145772
0.0388162
0.0231348
0.111471
0.0739703
0.0164964
0.391276
0.140524
0.016429
0.169167
0.056311
0.0150397
0.330288
0.0939343
0.0357285
0.244642
0.0737541
0.0331818
0.0148394
0.569128
0.0490665
0.0327352
0.0535104
0.0270847
0.0113177
0.100123
0.36846
0.397127
0.0108439
0.168273
0.217099
0.0478029
0.0102768
0.164605
0.112957
0.314694
0.464645
0.193941
0.21421
0.00941677
0.0256502
0.0464686
0.0390394
0.345174
0.10859
0.0177521
0.00874608
0.0488935
0.0258236
0.0746395
0.343181
0.0396566
0.354989
0.113087
0.0291775
0.294833
0.307162
0.0151827
0.0230514
0.00798356
0.138931
0.0594049
0.356687
0.276889
0.0197983
0.013569
0.0391761
0.0113633
0.0215427
0.00927261
0.0279215
0.00718725
0.0696066
0.00647141
0.264204
0.0767639
0.00634852
0.211466
0.0408113
0.0208765
0.297995
0.0983393
0.0339081
0.0115829
0.392381
0.00577867
0.12671
0.0442357
0.287847
0.00561281
0.0149736
0.0445955
0.0293229
0.22786
0.0195533
0.138991
0.00542933
0.039989
0.0486589
0.0252888
0.0217158
0.00917369
0.0180996
0.0225662
0.178544
0.00472907
0.00935119
0.318729
0.192249
0.0162738
0.0226549
0.251552
0.109194
0.133192
0.287634
0.00800432
0.238472
0.0542131
0.0747539
0.0136053
0.0265631
0.262019
0.00588972
0.200062
0.0632296
0.176845
0.0552866
0.320548
0.0816631
0.00475802
0.0222135
0.0218346
0.0306129
0.0134228
0.0175649
0.0117845
0.169152
0.293837
0.0870152
0.01587
0.0401742
0.0208515
0.00432953
0.0138701
0.0895706
0.0843006
0.0310755
0.00676906
0.283468
0.00551659
0.0182921
0.317047
0.0188105
0.117338
0.19545
0.0155786
0.104389
0.130313
0.0136377
0.0138308
0.194877
0.134998
0.124949
0.243242
0.108468
0.0411247
0.0048963
0.0105135
0.00427348
0.00377361
0.00444412
0.0207423
0.0132767
0.00932954
0.00316479
0.00398537
0.147786
0.00882356
0.0529572
0.238092
0.0536179
0.0260595
0.0341992
0.0187942
0.0336758
0.176862
0.161687
0.055934
0.105225
0.0604173
0.027763
0.00394423
0.00309018
0.0162523
0.0106266
0.00755949
0.0145914
0.233454
0.028324
0.0126687
0.0176301
0.0160578
0.125449
0.00343383
0.0741951
0.0353683
0.0110243
0.370258
0.00989789
0.0182403
0.00307279
0.00314912
0.109815
0.0117835
0.144199
0.00833526
0.045762
0.00289173
0.0166807
0.190757
0.0179352
0.00329242
0.012969
0.00307317
0.0101194
0.129176
0.0027588
0.011846
0.00812935
0.00676155
0.0540169
0.00261028
0.0288528
0.017037
0.189463
0.155395
0.0118133
0.0631211
0.116035
0.00977751
0.0970079
0.156549
0.0203781
0.0980526
0.107391
0.0119846
0.10302
0.0688853
0.00643552
0.00547341
0.0292428
0.13656
0.0131602
0.00907069
0.0146679
0.120033
0.0107809
0.0451056
0.0224439
0.00760047
0.00249137
0.00756685
0.00305058
0.00584349
0.00285885
0.0173609
0.0116322
0.00255978
0.00480608
0.00241904
0.0258178
0.11632
0.00588366
0.0506069
0.00213325
0.0515518
0.00912399
0.00227977
0.00739238
0.0245406
0.211347
0.00200002
0.00558871
0.00429951
0.00641774
0.00342427
0.0238046
0.0147434
0.0844689
0.232615
0.00501016
0.00223687
0.00235698
0.0020347
0.00763791
0.0108509
0.00626184
0.00527935
0.0290279
0.12908
0.0768967
0.0542489
0.0291537
0.0185339
0.0871294
0.008544
0.0395276
0.00500399
0.0301535
0.00783541
0.0111608
0.0260136
0.00205797
0.00483278
0.0140406
0.0026856
0.00236158
0.00984042
0.00198589
0.00227601
0.0553951
0.00785665
0.0441701
0.00708345
0.00736067
0.0293016
0.038651
0.0200918
0.01894
0.0182891
0.00174863
0.0111134
0.335425
0.0395309
0.0329919
0.0121811
0.0192583
0.184131
0.00634994
0.00713712
0.00509419
0.00548901
0.00149686
0.00839876
0.00629929
0.00135767
0.110949
0.076937
0.00739171
0.032986
0.0601891
0.00473096
0.0275018
0.00516893
0.0166489
0.101196
0.0040379
0.00588886
0.00209655
0.00461831
0.072439
0.0255352
0.00211166
0.00450487
0.0159634
0.135481
0.0126334
0.0013426
0.0772317
0.100336
0.00432263
0.0045601
0.00419464
0.00768069
0.0761548
0.00837735
0.00188983
0.0654626
0.00536741
0.00131894
0.0381427
0.00427498
0.0365129
0.0955373
0.0853612
0.00753159
0.038101
0.0471361
0.00125978
0.00351144
0.0369439
0.00867229
0.0327036
0.0198683
0.0460507
0.0222086
0.0132122
0.0445068
0.0164695
0.035299
0.0184245
0.00189201
0.207281
0.00114709
0.0010736
0.00100767
0.0054521
0.0374282
0.0786187
0.0359573
0.00424968
0.0465858
0.03773
0.101184
0.0339104
0.00179984
0.0360571
0.0900244
0.0295668
0.00656598
0.00182461
0.0409905
0.0223669
0.0553108
0.00702168
0.00176502
0.0126772
0.0562511
0.0129191
0.00919538
0.0010476
0.0045267
0.0274267
0.000949811
0.0921451
0.00338136
0.00771136
0.00273986
0.00228234
0.0331805
0.00329896
0.0018962
0.00164972
0.0172001
0.0103883
0.0516544
0.0245828
0.00290107
0.00168646
0.0170054
0.0103189
0.00678394
0.0259171
0.0888969
0.000833863
0.0053851
0.000792511
0.135555
0.00968498
0.00294285
0.0515459
0.00794455
0.0204043
0.0696306
0.0518361
0.00647239
0.0412271
0.00599807
0.0627175
0.0352193
0.00146888
0.0379288
0.00491967
0.00145797
0.00392672
0.000940249
0.000884902
0.00139021
0.00325557
0.053051
0.0382564
0.00265859
0.0340721
0.00447788
0.0226139
0.00131876
0.00792165
0.00606744
0.0276799
0.0184178
0.00129784
0.014821
0.00742156
0.0037952
0.0142231
0.119656
0.00585209
0.000949978
0.0125564
0.0446556
0.00384076
0.000838793
0.0208798
0.00281562
0.00301323
0.00775398
0.00224542
0.0638556
0.00315572
0.00250845
0.00394828
0.00130113
0.058687
0.0377416
0.0244074
0.000786807
0.00339091
0.00127074
0.0139018
0.00244595
0.00072206
0.00123903
0.0286594
0.0012143
0.00291581
0.0011659
0.0129044
0.00812004
0.0583808
0.00106611
0.0304149
0.0182202
0.00315982
0.00102255
0.00279278
0.0024927
0.0483193
0.0680235
0.00100485
0.0282684
0.00368848
0.0487993
0.00391189
0.000987607
0.0159621
0.00738047
0.0385936
0.0225206
0.000897395
0.00241719
0.0277028
0.0207174
0.0678161
0.00616508
0.0155897
0.00214216
0.000774521
0.000931889
0.009971
0.00377595
0.0287002
0.00703024
0.00516781
0.0152987
0.00993643
0.00394902
0.000925571
0.0109894
0.00736661
0.0422029
0.00845613
0.0233298
0.00210208
0.00617943
0.0143806
0.000851803
0.00563952
0.128324
0.0397651
0.0190359
0.0168869
0.00356433
0.00189855
0.00410787
0.00498524
0.00190799
0.0119604
0.00805933
0.00172735
0.00158292
0.0370057
0.000764356
0.0190243
0.00618317
0.00143648
0.0125937
0.000844331
0.00132204
0.00078594
0.00630776
0.000907461
0.00651106
0.0048314
0.0106276
0.0487767
0.00734917
0.000803098
0.101301
0.00586924
0.00138168
0.0311831
0.000830247
0.00444627
0.0452095
0.0248792
0.000617849
0.00467955
0.003402
0.00057837
0.0303819
0.0324696
0.00445833
0.00141369
0.000794035
0.0198773
0.00416853
0.00352943
0.0290311
0.0014388
0.0149424
0.0207616
0.0127954
0.00836187
0.00359497
0.0059207
0.0056111
0.0217306
0.0737395
0.0290576
0.00350566
0.00308912
0.000818629
0.000563162
0.02089
0.0465331
0.0197414
0.00446841
0.00349731
0.029283
0.00425673
0.00239256
0.00200041
0.000801962
0.000776134
0.00258149
0.00170175
0.00171261
0.00331631
0.000530435
0.032008
0.000562839
0.0266233
0.0141073
0.0205808
0.0112728
0.0144443
0.000802694
0.00169511
0.00077474
0.0477746
0.000720024
0.00153504
0.0264136
0.000475954
0.02196
0.0121351
0.00789497
0.000719255
0.00283332
0.001387
0.00414271
0.000687325
0.0218403
0.00122524
0.00237428
0.00851995
0.0151807
0.00043627
0.0685553
0.0350467
0.0107598
0.000463234
0.000673649
0.000442346
0.0269168
0.0023442
0.00213818
0.023409
0.00173454
0.0151674
0.0458261
0.014896
0.0265739
0.000438395
0.0142905
0.00912086
0.0478531
0.0233079
0.00297442
0.0022138
0.000632912
0.00412966
0.0157803
0.000514215
0.000603937
0.0019318
0.00178488
0.000587142
0.0160982
0.000479161
0.00990915
0.0038959
0.00379476
0.00284939
0.0277071
0.00190167
0.0139189
0.00851707
0.00428354
0.0110754
0.00296618
0.00241972
0.00976524
0.00653357
0.00352088
0.00162036
0.000594183
0.00415231
0.00252543
0.000568158
0.00862314
0.00208448
0.00591538
0.000451155
0.000429669
0.00402067
0.00332385
0.0853009
0.000391795
0.0291382
0.000592487
0.000576023
0.00148022
0.0149492
0.00911396
0.00193689
0.00310947
0.000569701
0.00693119
0.000357436
0.0442127
0.000376675
0.00267844
0.00145138
0.0131565
0.00183848
0.000355124
0.00150483
0.00851685
0.0470459
0.00133384
0.00166292
0.00151995
0.0194651
0.00169773
0.000548061
0.00148211
0.000325878
0.00926147
0.0277557
0.0150205
0.0309526
0.00157163
0.000368996
0.009341
0.00149568
0.000521343
0.00152871
0.00273937
0.00224756
0.00141194
0.00150186
0.00188838
0.0005018
0.0016024
0.0198915
0.000339997
0.0128252
0.000469568
0.000458207
0.000323191
0.011359
0.00153882
0.00183559
0.0095174
0.00847679
0.00206044
0.00664402
0.0180263
0.00479354
0.00139398
0.000461067
0.01049
0.000385846
0.0125743
0.00894383
0.00149854
0.00149007
0.00132571
0.00411533
0.0042599
0.000368941
0.000351941
0.00379711
0.00732555
0.00127881
0.00583975
0.134356
0.000446617
0.0418907
0.00160068
0.0100268
0.00145373
0.00292838
0.000305963
0.0240463
0.00883909
0.00141737
0.00261309
0.00127379
0.000437049
0.0011483
0.000286506
0.000426948
0.0353696
0.000271175
0.000262064
0.00101906
0.000253604
0.0104807
0.00187776
0.000420349
0.0016131
0.00160928
0.0209114
0.00240675
0.0127155
0.0172669
0.00810903
0.0017639
0.00151221
0.000969444
0.0015369
0.0355943
0.0167178
0.000927352
0.000458449
0.0100808
0.00300284
0.0272199
0.00147205
0.00258823
0.00224492
0.000918878
0.0196711
0.00140044
0.0169319
0.00128889
0.00191952
0.00100715
0.0143457
0.00132948
0.00902062
0.0196232
0.00782669
0.0201677
0.00643878
0.0235553
0.000454328
0.00122641
0.0131434
0.000276434
0.000991219
0.000440725
0.00456156
0.00192829
0.0249625
0.023753
0.00257401
0.0149565
0.00100545
0.012628
0.00041369
0.00811944
0.000909214
0.0104599
0.00568171
0.000878897
0.00274775
0.00798319
0.000853957
0.00232697
0.000788582
0.00028492
0.0127399
0.0524275
0.00217471
0.00931483
0.00180562
0.000684978
0.0118714
0.000405919
0.00822213
0.00150552
0.000708153
0.0105763
0.00142883
0.00202138
0.000392311
0.000747931
0.00777559
0.000246981
0.00166261
0.000741608
0.00140904
0.0440346
0.00821945
0.0142777
0.013193
0.00127687
0.00749885
0.00587981
0.000376043
0.0401887
0.00116177
0.00087878
0.00080367
0.000738469
0.000379646
0.00165871
0.00147357
0.00171157
0.00678999
0.000236198
0.00123847
0.00111675
0.00144917
0.00100006
0.0173982
0.00153289
0.00101803
0.000928876
0.00127726
0.000739286
0.000838089
0.000686359
0.00515853
0.024846
0.000359843
0.000895727
0.00519282
0.000228835
0.0151101
0.00419675
0.00896833
0.00177517
0.000723142
0.00132354
0.00121708
0.000252436
0.00152845
0.00750162
0.00381527
0.0741743
0.000355825
0.0011167
0.000787463
0.00147835
0.00128468
0.000998771
0.000912375
0.00483688
0.026167
0.00496309
0.00034843
0.00403596
0.00111822
0.00099276
0.000337111
0.000808766
0.0444771
0.000830318
0.000748424
0.000343237
0.000220632
0.000214086
0.000207857
0.000871525
0.000801501
0.000727456
0.000200611
0.000331928
0.0195105
0.000325379
0.000838283
0.0218421
0.00090777
0.000663514
0.000326545
0.0121306
0.000223344
0.000216215
0.000947707
0.00117793
0.00108922
0.000317139
0.0354922
0.000899118
0.000953863
0.000813178
0.000753464
0.000198629
0.000818592
0.0144301
0.000967473
0.00031428
0.00968493
0.000307865
0.000866368
0.017705
0.0296701
0.000934407
0.00086152
0.000922451
0.000997438
0.000313252
0.0103413
0.000838283
0.019385
0.000309697
0.00076771
0.0100926
0.000708199
0.00733314
0.0179967
0.0178115
0.0107633
0.000952591
0.000295889
0.0176581
0.000214745
0.0210139
0.00020694
0.00103195
0.000198049
0.00959907
0.0144745
0.000856676
0.000888479
0.000832149
0.000778586
0.000888715
0.000803575
0.0143495
0.000989148
0.00085487
0.000801465
0.00931978
0.011732
0.000753347
0.0136716
0.00816839
0.0057387
0.000323372
0.0123125
0.0194121
0.0115563
0.0140309
0.0144721
0.00101882
0.000313016
0.000905953
0.0110364
0.00125362
0.000889838
0.000729322
0.000841747
0.0149339
0.00912214
0.00626762
0.0169533
0.00642558
0.000312191
0.000187898
0.0106575
0.000783773
0.00724978
0.0170196
0.0135035
0.000804473
0.000302405
0.00599859
0.00967982
0.000741163
0.000299623
0.00438463
0.00653292
0.0115724
0.000290809
0.00434697
0.000787954
0.00072269
0.000289927
0.0255692
0.00379398
0.00658388
0.000292279
0.0181619
0.00021003
0.007104
0.000749642
0.0019495
0.00028499
0.000211205
0.000279154
0.000203705
0.000273509
0.000268253
0.0128591
0.00154344
0.00019261
0.00552209
0.000699597
0.000659563
0.00496085
0.000258285
0.00176639
0.0015664
0.00476697
0.0041122
0.00360414
0.000618867
0.00203815
0.0312525
0.012532
0.00470386
0.00157189
0.00168398
0.000864506
0.000779907
0.00421748
0.000643217
0.000740906
0.000674714
0.00493042
0.00171154
0.000614717
0.00146141
0.00400783
0.00378352
0.00310523
0.000563021
0.000519663
0.00177685
0.000481058
0.000447368
0.0351946
0.00026149
0.00340308
0.00183532
0.00162011
0.000422819
0.00119597
0.00508366
0.00149311
0.00133566
0.0227137
0.000837468
0.0122826
0.0178118
0.000441713
0.00025227
0.000413651
0.00097362
0.0122088
0.00018413
0.000833091
0.000242149
0.00874356
0.000177337
0.000939784
0.000771374
0.0152572
0.000725411
0.000493574
0.00912752
0.000790589
0.000708233
0.000638689
0.0141931
0.000174557
0.00916928
0.000995533
0.000178709
0.00665112
0.000457692
0.00836642
0.016033
0.000177579
0.0119344
0.000953835
0.000849031
0.000166851
0.00871519
0.000236516
0.0126
0.00901429
0.00101937
0.000721448
0.000166738
0.000678644
0.000640096
0.000604951
0.000550065
0.00758401
0.000229033
0.00016075
0.000224972
0.000532932
0.000865295
0.0113324
0.0140179
0.00858279
0.0108262
0.00711344
0.000481559
0.000154623
0.0101508
0.000234266
0.00112282
0.00996362
0.000917044
0.00700315
0.0100089
0.000629667
0.00108702
0.000488991
0.000226044
0.000988577
0.00533063
0.00726817
0.000455515
0.00112777
0.00430112
0.0011109
0.000426505
0.0193843
0.000166326
0.000992823
0.000909233
0.000957227
0.000155942
0.00570501
0.00933186
0.00065058
0.000439744
0.004137
0.000903507
0.000633764
0.000217398
0.00681009
0.00334266
0.0248308
0.000595676
0.00976861
0.00723522
0.00120161
0.000479979
0.00105316
0.000931689
0.00467256
0.000583455
0.000164669
0.00359356
0.000167609
0.000162352
0.000550792
0.00567345
0.00887182
0.00531121
0.00701463
0.000154618
0.000511235
0.00053599
0.0292102
0.00102211
0.000986006
0.000142118
0.0148138
0.00896337
0.0077642
0.000487936
0.000911708
0.000813433
0.000930146
0.000531588
0.00798064
0.000472438
0.000525411
0.00013347
0.00986665
0.000129304
0.00760139
0.00689628
0.000492099
0.0091348
0.000819569
0.000881115
0.00604846
0.000129074
0.00751556
0.000223383
0.000851448
0.00556651
0.00071661
0.000503846
0.00612221
0.0041342
0.00707421
0.000221647
0.000475241
0.000929588
0.00458496
0.00534778
0.0277335
0.00535981
0.000222202
0.000449784
0.00596177
0.000849792
0.000214137
0.00492455
0.000560807
0.000952223
0.00547629
0.020739
0.000125386
0.000214171
0.000710093
0.00053447
0.00507537
0.000490597
0.000900411
0.00404051
0.00688277
0.00671179
0.000212013
0.000884518
0.000125815
0.000809731
0.000476805
0.000486617
0.000205486
0.000202052
0.0187878
0.00605171
0.000119609
0.000461758
0.000440395
0.0124168
0.0077323
0.000505188
0.000438621
0.000114335
0.000486896
0.00615901
0.000433362
0.000209139
0.00454464
0.00926688
0.000464384
0.00792884
0.00615669
0.00480778
0.00593687
0.00431176
0.000129824
0.00108789
0.000420929
0.00096497
0.00390303
0.000991376
0.00020009
0.0192027
0.000124267
0.000472977
0.000890982
0.00422547
0.00693421
0.00544897
0.000801701
0.00083296
0.000195316
0.00496684
0.000463495
0.000195843
0.000711544
0.000829218
0.000633047
0.000576289
0.000429506
0.00052967
0.00412851
0.0175313
0.00019806
0.000411515
0.000460144
0.000821513
0.000108841
0.0065173
0.000444711
0.00798603
0.00545399
0.00427393
0.00571179
0.000190012
0.0189146
0.000416064
0.000636775
0.000190536
0.00539738
0.000582564
0.000532768
0.00598722
0.000590531
0.000117314
0.00018375
0.000114354
0.000180791
0.000452977
0.000178104
0.00475881
0.000422762
0.000395234
0.00064043
0.00442805
0.00362718
0.00382597
0.0004347
0.00301323
0.000120236
0.00298981
0.000422942
0.000122652
0.000119407
0.000426074
0.027465
0.00330815
0.00280114
0.0032437
0.0099606
0.000837278
0.00088066
0.000803756
0.0210231
0.000175344
0.000420796
0.00742169
0.000388637
0.0122732
0.000108187
0.00514881
0.000847983
0.00562147
0.00394257
0.000426638
0.00409134
0.00556499
0.000405035
0.00448369
0.000806926
0.000407264
0.000176938
0.000111665
0.000846837
0.000173097
0.00077504
0.000397388
0.00496775
0.000106854
0.000172488
0.000688716
0.00416903
0.000731039
0.00391229
0.000107089
0.000166432
0.0221777
0.000167739
0.00403088
0.000663235
0.00010073
0.000672261
0.00592662
0.00381838
0.00499685
0.000596087
0.000544407
0.00483832
0.000374554
0.00357369
0.0209422
0.000102913
0.00369145
0.00425845
0.000736281
0.00354446
0.00304339
0.000107286
0.00294474
0.0202157
0.000694351
0.00351432
0.000731066
0.0127966
0.000167796
0.0081246
0.000560151
0.000512551
0.000470925
0.000434313
0.00481286
0.00774348
0.00425096
0.00352627
9.34853e-05
0.00536115
9.63704e-05
0.000741813
0.000682145
0.000353956
0.000470283
0.000160939
0.00276644
0.000156804
0.000154552
0.0134533
0.000519268
0.000624445
0.000578725
0.000350636
0.000336771
0.000514653
0.00879179
0.000386136
0.000471764
0.00590007
8.75744e-05
8.58644e-05
0.000160124
0.00973629
0.00471348
8.32736e-05
0.0067409
0.000429154
0.000359105
0.0095377
0.0050348
0.00375995
0.00745486
8.38863e-05
8.22792e-05
0.000342862
8.07224e-05
0.000721145
0.000375815
7.85229e-05
0.00902501
0.000666592
0.000160617
8.09202e-05
0.00502385
0.000412636
0.000583577
0.000454395
0.000422479
0.000155185
0.00654692
0.000566017
0.00484671
0.000150983
0.00748101
8.55848e-05
0.000519321
0.00984158
0.000447892
0.00545517
0.00687968
0.00609253
0.00575703
0.000155849
0.000344992
0.000153444
0.000414222
8.32862e-05
0.000342054
0.00715632
0.00066685
0.0051718
7.90495e-05
0.00618176
7.71546e-05
0.00611063
0.000650563
7.51876e-05
0.000326668
0.00508112
7.35004e-05
0.00629945
0.00449046
0.00570742
7.07462e-05
0.000667076
0.00389113
0.000158391
0.0094312
0.000640455
0.00405028
0.00502441
7.12575e-05
0.000661724
0.00681992
6.94216e-05
0.00721546
0.000582275
0.000543996
0.000490133
0.00572115
0.000434018
0.00568772
0.00496776
0.000309622
0.00583772
0.000466491
6.8465e-05
0.00405869
0.00309943
0.000610073
6.62672e-05
0.000568754
0.000156404
0.00690046
0.000306275
0.00956271
0.000441474
0.00677305
0.000474228
0.0047281
0.000293252
0.000483145
0.00014642
0.0061752
0.000291846
0.00028129
0.000271341
0.000486308
0.00439932
0.0033122
0.00260464
0.00045984
0.000270626
0.000458295
0.00566708
6.89496e-05
6.77246e-05
0.0025343
0.000429246
0.0098186
0.00226358
0.000270102
0.0067837
0.00663975
0.00554648
0.000368248
0.00262837
0.0062699
0.000673502
0.000344472
0.000462742
0.000320349
0.000154762
0.000299484
0.00885485
0.00266241
0.000676952
6.58209e-05
0.000332231
0.00697731
0.00480249
0.00270928
0.000270043
0.00221608
0.00426352
0.000161203
6.28894e-05
0.000158644
0.000156204
0.000153824
0.000294903
0.00956821
0.000260005
0.000251267
6.49664e-05
0.0004693
0.000330629
6.35218e-05
0.00738941
0.00659063
0.00555136
0.000143735
0.00024919
0.000240973
0.00444667
0.000489667
0.00310461
0.000450964
0.000373861
0.00248602
0.000248635
0.000143185
0.000240286
0.00071822
0.000661116
0.00436466
0.0103218
0.00283112
6.30075e-05
0.000335422
6.16016e-05
0.000141359
0.000629264
0.00620813
0.000601709
0.00055901
0.000457777
0.00870248
0.00042343
0.00284261
6.25081e-05
0.000343817
0.000393025
0.00517741
6.09174e-05
0.00566347
0.000378569
0.000138052
0.00268495
0.000598663
0.000556145
6.18531e-05
0.00900471
6.03199e-05
0.000377839
0.00489408
0.00293918
0.000360081
0.0052783
6.19537e-05
0.00831114
0.0024855
0.0002681
6.01244e-05
0.000376743
0.00205292
0.00480521
0.00361888
0.000257634
0.00545102
0.000363277
0.000649282
0.000341501
0.000263409
0.00974692
6.24392e-05
0.00482498
0.00719649
0.000140766
0.00426367
0.000337034
0.00273522
0.00031534
0.000139935
0.000484969
0.0047047
0.000446084
0.000581941
0.0037842
0.00353755
0.000313727
0.00310358
0.00274613
0.000540148
0.000599763
0.000558116
0.000273654
0.000520675
0.0115184
0.00372863
0.000466624
0.00305896
0.000261923
0.000130452
6.20414e-05
0.00258949
0.00012727
6.07283e-05
0.000406266
0.00467908
0.000250984
0.000418242
0.00245446
5.88897e-05
0.00211789
0.000124062
0.0134211
0.000374827
0.000403978
0.00489777
0.000360577
0.000248342
0.000239953
0.00863523
0.000232573
0.000395742
0.000128312
0.000126596
0.00395607
0.0030374
0.000361577
5.55549e-05
0.000339283
0.00351353
0.00032647
0.000307454
0.00275462
0.000128863
0.000250759
0.000127008
0.000125294
0.000297624
0.000123671
0.00515617
0.00376565
0.00289201
0.000247577
0.000513338
6.16437e-05
0.00234979
0.00238461
0.000619452
0.00351275
0.000120753
0.0145293
0.000526817
0.00277298
0.00239428
0.000552733
0.00029382
0.00228721
0.00204131
0.000243954
0.0118998
6.27668e-05
0.00745676
0.000282653
6.05487e-05
0.000267305
0.00304726
0.000249942
0.000241299
0.000125847
0.00246074
0.000123687
0.00203737
0.00075152
0.00182661
0.00155312
0.0019014
0.0047885
0.000827714
0.00187996
0.000230909
0.0119051
0.000658732
0.000223546
0.00012235
0.000289192
0.00771841
0.00012216
0.000223016
0.000280359
0.000120503
0.000265197
0.000596925
0.00498133
0.0023741
0.000663544
0.000537059
6.31565e-05
0.00719999
0.00258003
0.0046514
0.00255536
0.000263924
0.00235456
0.000248981
0.00191631
6.24379e-05
6.12754e-05
0.00206003
0.000237159
0.00871099
0.000229706
0.00480002
0.00025493
0.000575595
0.00219204
6.2304e-05
0.000556538
0.000520028
0.0019355
0.00162837
0.00990582
0.00400319
0.00268189
0.000744595
0.000516381
0.00190845
0.000504264
0.000250473
0.00165377
0.000785525
0.000114851
0.00346855
6.30021e-05
0.000112038
0.000229208
0.000251038
0.00291038
0.000697338
0.000109294
0.00312839
0.000630781
0.0017
0.000479172
0.000226678
0.000108906
0.0027182
0.000218431
0.000263063
0.00062424
6.01248e-05
0.000106272
0.000565074
0.00235516
0.0152114
0.000400389
0.000377557
0.0022829
0.00413994
0.000374325
5.58315e-05
0.00219436
0.000463342
0.000426806
0.000394547
0.000104274
0.00193482
0.0124141
0.00755359
0.000216584
0.00010587
0.000341049
0.000209982
0.000331959
0.00530673
5.10872e-05
0.00465985
0.00464341
0.00344299
0.00508318
0.00407148
5.40042e-05
0.00318103
0.00020197
0.000195828
0.00517029
0.000415266
0.000414847
0.00357445
0.000379858
0.00300611
5.28201e-05
0.00503481
0.000107896
0.00295348
5.11742e-05
5.03736e-05
0.00369844
0.000308976
5.16616e-05
0.000104742
0.00421341
0.00287356
5.26497e-05
0.00029015
0.000434415
0.00602767
0.000272445
0.00330598
5.04553e-05
4.96552e-05
0.000256909
0.00293299
0.000209599
0.000430934
5.02272e-05
0.000435025
0.00010651
0.000408811
0.000251813
0.00023873
4.89294e-05
0.000104798
0.000213326
0.000385064
0.000103405
0.00010217
0.000380217
0.00297177
0.000233624
0.000211498
0.00603383
0.000391674
0.00437428
0.00037862
0.000358384
0.000229102
0.0040097
0.00319102
0.00352898
0.000227199
0.00297779
0.000324524
0.000316099
0.00554254
0.000213156
0.000101598
0.000309133
0.00456931
4.65471e-05
4.58613e-05
0.00476461
0.0031161
0.000232335
0.00404921
0.000210752
0.000225433
4.43085e-05
0.00406732
0.000102392
0.00331345
0.00508715
0.000347392
0.000322978
0.00324013
0.000361102
0.00338468
0.000352757
0.00270384
0.00538943
0.000346095
0.000317772
0.003062
0.0029148
0.00256355
0.000210825
0.00208161
0.00450913
0.000212596
0.000106251
0.00327266
0.000105903
4.55612e-05
0.000323081
0.00534163
0.0039959
0.00354047
0.00214265
0.00475322
0.000102608
0.00341577
0.00271165
0.00193786
0.00020306
0.00488503
0.00262143
4.98147e-05
0.00216343
5.06182e-05
4.97647e-05
0.000454199
0.000220697
0.00403014
0.00197865
0.00575377
0.0039057
0.000100533
0.000199788
0.000459885
9.91735e-05
0.000403477
0.0031922
0.000417352
0.0023073
0.00597115
0.00297424
0.00223851
0.000456826
9.56814e-05
0.00273232
0.000390454
0.00264726
0.000191614
0.000185872
0.000355363
9.38357e-05
0.000180103
0.00655233
0.0023816
0.00196039
0.00164609
9.3244e-05
0.000256256
5.12219e-05
0.00271916
0.000178738
0.00216464
0.000540061
9.45071e-05
9.34169e-05
0.00180349
0.00745766
0.00513758
9.55411e-05
0.0037006
0.00428126
0.00041421
0.00256077
0.00325632
0.000456513
0.000255452
9.19184e-05
0.00232397
0.000421837
0.00450163
0.00024032
9.29222e-05
0.0033967
0.00368159
9.14306e-05
0.000182314
0.000384036
0.00243867
0.0033387
0.00209475
0.00279189
0.000177044
9.34347e-05
0.000242227
0.00376994
4.58243e-05
0.00269949
9.25079e-05
0.000425968
0.00223957
0.000409965
4.37928e-05
9.12029e-05
0.00448316
4.29741e-05
0.000175111
0.000363908
4.22294e-05
0.000347739
0.00396923
0.00034522
0.00312993
8.68065e-05
0.00251266
0.00246721
0.000361865
4.57889e-05
8.60856e-05
0.000341969
0.002108
0.00175666
0.000346505
0.000514217
4.69716e-05
0.00221322
0.00159483
0.00178596
0.000378895
0.000245855
0.000510694
0.00145979
0.00712708
0.00035935
0.00171015
0.00524033
4.59428e-05
0.000171723
0.000166875
0.000162244
0.00189454
0.000157514
0.000255422
0.000241223
4.67078e-05
4.59428e-05
8.70577e-05
0.000229119
0.000217183
0.00161105
0.00436183
0.00134152
8.46712e-05
0.000210784
8.37879e-05
0.00617477
0.000200491
0.00383358
0.000195142
0.000553225
0.00318815
8.18208e-05
0.005381
4.48902e-05
8.18785e-05
0.00394302
0.000189905
0.00250471
4.33661e-05
0.000185445
0.00347408
0.000341169
8.13213e-05
0.000178919
0.00372042
0.00239308
0.00331679
0.00261078
0.000193396
0.00212367
0.00176731
0.000413818
8.37593e-05
0.000381648
0.0014729
3.99413e-05
0.00126849
0.00484851
0.00311735
0.000373526
0.000182857
0.00502232
8.2255e-05
0.00177674
0.000361188
0.00285913
3.93462e-05
0.00372286
8.16989e-05
0.00201131
0.00167348
0.00018248
0.00495246
0.000186689
0.000180308
0.000357094
0.00363512
0.00261546
0.000368391
0.000181771
0.00211627
4.0084e-05
8.15389e-05
0.000377404
8.0287e-05
0.000340121
0.00235966
0.00440654
7.89292e-05
0.000178241
0.00223673
0.00396157
3.8111e-05
3.75928e-05
7.76662e-05
0.00242368
0.00345949
0.00328446
0.00276686
0.00258635
0.00230349
3.96699e-05
0.00206818
0.00195499
7.34957e-05
0.00171112
0.00167171
0.000458598
0.00019424
0.000185693
4.1206e-05
0.000177899
4.05857e-05
0.000419847
0.000170383
0.00310726
3.95202e-05
0.000387743
0.000359506
3.8216e-05
0.00177113
0.00016163
0.000155189
0.00705961
0.000148216
0.00484198
0.000337983
0.000207255
3.76478e-05
0.00223395
7.4184e-05
0.000149104
0.002098
0.00444408
3.78141e-05
0.00332384
7.49903e-05
0.000322876
0.00242589
3.64181e-05
0.000301707
7.3369e-05
0.000203638
0.000197181
0.00249049
0.000356456
0.0034154
0.00265564
0.00254562
0.000190301
0.00218187
0.000294283
7.19361e-05
0.000275581
3.52437e-05
3.47788e-05
0.000184161
0.000326687
0.000256329
7.0924e-05
3.39997e-05
7.02119e-05
0.00188009
0.000170775
0.00286797
0.00362847
0.000181657
0.000176288
6.94717e-05
0.00481348
0.000265254
3.41302e-05
6.98145e-05
0.000326924
3.35782e-05
0.000246368
3.29513e-05
6.88811e-05
6.82161e-05
0.000306934
0.00029009
0.00295133
0.00357335
0.000170394
3.32886e-05
0.00397817
0.000302745
3.27235e-05
0.00307603
0.00266278
3.34508e-05
0.00238924
6.98816e-05
0.00371096
6.99529e-05
0.000331174
0.00248354
0.000172256
3.36727e-05
0.000164928
0.000296842
3.29843e-05
0.000157988
3.25682e-05
0.00213976
0.000174839
0.000155127
0.00370914
3.2839e-05
0.00281423
0.0023705
6.92895e-05
6.86117e-05
3.22459e-05
0.00253877
0.00374336
0.00017244
0.000329913
0.002919
0.000275561
3.08336e-05
0.00229565
0.000168044
0.000251575
0.00249958
0.000163297
0.00201979
0.00212797
0.00174399
0.000159125
0.00186201
0.0015657
7.21914e-05
0.00170611
0.000227631
0.000154757
0.00144505
0.000169359
0.000418336
0.00158479
0.000162236
0.000399084
0.00141433
2.87231e-05
0.00435676
0.00449744
7.08905e-05
0.000158945
0.00322803
0.00358903
0.000155362
0.00301562
6.81121e-05
0.00255491
0.000328793
6.64134e-05
3.02241e-05
0.000159731
6.57179e-05
0.000265254
0.000155466
0.00183827
0.000250988
0.00356965
0.000151586
0.000147534
0.00254562
0.000143201
0.00288839
0.00229425
0.000139029
6.5186e-05
0.00029047
6.45399e-05
3.11087e-05
0.00210283
0.000272325
0.000314872
0.00206959
0.000183965
6.2978e-05
0.00180165
0.000179439
0.00517195
0.00178393
0.00410221
0.00308147
0.00198528
0.00025614
0.000240812
0.00260482
6.26645e-05
0.00292574
0.00180727
6.22622e-05
0.000140124
0.00205366
0.00394164
0.0001807
0.000172791
0.00195834
0.000142315
0.00163709
6.18845e-05
0.00167792
0.000172195
0.00136625
0.000140727
0.00146811
0.00301443
0.000346937
0.00032735
6.05797e-05
0.000171291
0.000164091
0.00142322
0.00119256
0.00614275
0.000313311
0.00015993
0.000153507
0.000363943
0.00132477
6.00556e-05
0.000147399
0.00030364
0.000364902
0.000150507
0.00297763
0.00232655
0.000340743
0.00168729
0.000145933
0.000148814
0.00207982
0.00170296
0.00599095
0.00422057
3.27399e-05
0.00170579
0.000321354
0.0020984
0.00029999
0.000144944
0.000141121
0.00014879
0.000282041
0.000264492
0.000142696
0.000137227
3.2126e-05
0.000146284
0.000142394
0.00169001
6.19281e-05
0.000137907
6.13794e-05
0.000141111
0.00186846
0.000138472
6.02415e-05
5.96958e-05
0.00164599
0.000277296
0.000139385
0.00505382
0.00366502
0.00225711
6.06394e-05
0.000137003
0.000241222
3.12496e-05
0.000138918
0.00294225
3.05591e-05
0.000135557
6.05752e-05
0.00233263
0.00034279
2.98155e-05
2.94536e-05
2.9099e-05
0.00193753
0.00292518
0.00211448
6.10104e-05
2.94733e-05
0.00198435
0.000351957
0.000220854
0.000136697
6.06784e-05
2.85988e-05
6.01043e-05
0.00272795
0.00194922
0.000224912
0.000336508
0.000318446
0.00261845
0.000304628
0.000132664
0.000229661
0.000216603
0.00266263
5.80544e-05
0.000205347
0.000194339
5.75229e-05
0.000136353
0.0022089
0.00243706
0.0026322
0.000132128
0.00193866
2.93349e-05
0.00159692
0.00279361
2.88748e-05
0.001481
0.000204971
0.00210592
0.000336532
0.00176944
0.000129057
0.00354826
5.87926e-05
0.0013618
0.00276187
0.000229454
2.94214e-05
0.00130203
0.00250512
0.00215094
0.000135309
0.00138909
0.000338058
0.00169475
0.00032686
0.000131239
0.00457764
0.00132596
0.00113674
0.000135317
2.92121e-05
0.00164085
0.00138397
0.00235858
0.000129753
3.05879e-05
0.000126501
0.000138239
0.00204652
0.000125496
0.000122423
0.000333421
2.99944e-05
0.000276005
0.000141256
0.00125837
0.000121706
3.02159e-05
0.00108678
3.06485e-05
0.00128632
0.00190281
0.000335814
5.68114e-05
0.000317146
5.60874e-05
0.000300035
0.00138929
2.96131e-05
0.000295864
0.00107924
0.000117651
0.000144217
0.00174785
0.000296766
0.000116775
0.000299408
0.000144075
0.000280007
0.000275171
0.00109315
0.00860663
0.00148628
0.00177805
0.000140188
2.92065e-05
0.0011022
0.00156358
0.00027502
0.000137811
0.000120308
0.000290806
0.00102909
0.00011744
2.9961e-05
0.00757952
0.00028222
0.00111216
0.000136853
0.00029019
5.56246e-05
5.51392e-05
0.00151367
0.00101301
0.00029711
5.41441e-05
0.000264569
0.000251876
0.000116664
0.00197181
0.000113825
0.000111185
0.000976406
0.000262545
0.00141747
0.000108149
2.99513e-05
2.95556e-05
0.000885654
2.99212e-05
0.00025253
0.00188861
0.000254529
0.000242677
0.00134056
5.30079e-05
2.89372e-05
0.00896184
0.00580536
0.000105435
0.00117658
5.38749e-05
5.34138e-05
0.000293655
0.000274811
5.28945e-05
0.00447305
0.00331322
0.00257212
2.69621e-05
5.40616e-05
5.35952e-05
0.000103808
0.00172253
2.73831e-05
5.28873e-05
0.00214543
5.29953e-05
0.00010117
0.00195682
0.00273255
5.24899e-05
9.89247e-05
0.00161367
0.000264661
9.67955e-05
2.71389e-05
0.00245075
0.00023893
0.00197087
9.53639e-05
0.0022088
0.000236338
0.00186462
0.000237585
0.0018297
0.0016068
0.00154347
0.00265713
0.000232691
2.69574e-05
0.00132832
0.000174998
0.000266456
0.000250167
0.000235357
5.08552e-05
2.66838e-05
0.000167199
9.61218e-05
2.63704e-05
0.00329591
0.00162297
0.000164877
2.57158e-05
0.000212435
0.000200876
9.62948e-05
5.04616e-05
0.00245812
0.00196516
0.00303558
0.00237013
0.00172792
0.00207157
0.000180918
0.00222322
9.44531e-05
0.00164001
0.00207242
0.000253222
0.00215835
0.00195239
0.00230627
5.19212e-05
0.00172717
9.16109e-05
0.00231955
0.0019103
0.0020391
0.000196565
2.49145e-05
0.00163665
5.11688e-05
8.93956e-05
0.00257164
0.000176753
5.12156e-05
2.43637e-05
0.00206505
0.00176536
8.95523e-05
2.38569e-05
0.00211569
0.000244832
5.03073e-05
0.00206745
0.000173925
0.00227546
2.40352e-05
0.00184888
0.0018929
5.07498e-05
0.00213129
0.000247187
8.89487e-05
0.000235804
0.000225271
0.000215474
8.69122e-05
0.000206307
0.000175688
0.0021944
8.68035e-05
8.51106e-05
0.00159764
0.00141777
time: 2077 ms
