cycle 5, cycles: 5000
1.24696
0.383143
0.813784
0.383948
0.694396
0.472149
0.909155
0.651739
0.692871
0.544538
0.603821
0.438545
0.780372
0.576349
0.44628
0.321394
0.253718
0.563396
0.291422
0.702491
0.502609
0.255607
0.214042
0.524232
0.291818
0.547656
0.577175
0.51753
0.318534
0.438831
0.172846
0.422445
0.164113
0.419389
0.463512
0.336083
0.487566
0.517729
0.514322
0.313298
0.639703
0.189606
0.0977248
0.507268
0.430048
0.394551
0.543729
0.31585
0.403787
0.509107
0.214612
0.0920828
0.0507594
0.293542
0.149423
0.663306
0.487853
0.0793635
0.463526
0.452418
0.151587
0.513877
0.108197
0.208723
0.135014
0.162895
0.181998
0.534274
0.263849
0.491496
0.0959389
0.0855141
0.068228
0.275344
0.252268
0.495865
0.559367
0.394222
0.518354
0.0497647
0.0585308
0.337007
0.281006
0.450526
0.135782
0.223042
0.199171
0.446509
0.0960321
0.511427
0.20088
0.074214
0.0583393
0.292322
0.0449253
0.0221559
0.450803
0.142464
0.244713
0.0907757
0.0860015
0.0559066
0.623087
0.301163
0.437656
0.162996
0.416102
0.194022
0.377945
0.0421261
0.387596
0.0722433
0.21619
0.0342952
0.0388788
0.313911
0.306069
0.091905
0.361689
0.054074
0.522101
0.541382
0.0646636
0.0287526
0.236316
0.0344534
0.0228084
0.282645
0.0235754
0.0492644
0.269657
0.457322
0.0588358
0.0204714
0.0995774
0.463518
0.165321
0.345379
0.382951
0.0290054
0.320908
0.401325
0.247017
0.299911
0.1855
0.410707
0.522239
0.439236
0.317702
0.188947
0.0331964
0.0282354
0.298027
0.0962551
0.0311927
0.224361
0.318215
0.218246
0.0238384
0.0159509
0.0142947
0.0987586
0.0272629
0.0207086
0.0424732
0.0198384
0.0632265
0.492713
0.520835
0.216132
0.136165
0.305693
0.134136
0.431105
0.499464
0.042179
0.0270381
0.0538985
0.047937
0.0186448
0.0632777
0.223374
0.195552
0.0197096
0.123099
0.0371026
0.0127323
0.0449857
0.151048
0.0171779
0.417558
0.0371895
0.0508189
0.0909444
0.478609
0.015537
0.103924
0.218314
0.0150738
0.0516544
0.0637829
0.39946
0.0118903
0.00819085
0.00704447
0.325292
0.180324
0.00578583
0.261118
0.210247
0.0692938
0.0971225
0.273581
0.00991951
0.433308
0.262578
0.00873056
0.0141346
0.235706
0.0561259
0.363327
0.041385
0.118791
0.0908056
0.0109483
0.013254
0.0272893
0.0211214
0.550502
0.129197
0.175856
0.330315
0.010315
0.30568
0.0699382
0.00882085
0.225301
0.200519
0.03509
0.00815473
0.161294
0.160933
0.00564446
0.172632
0.172262
0.0270206
0.0192323
0.0853055
0.268762
0.207397
0.213673
0.165243
0.108734
0.148936
0.00469218
0.484803
0.00748672
0.0890298
0.286706
0.050579
0.250298
0.0618937
0.0795
0.211338
0.200308
0.33343
0.0874067
0.00412181
0.447214
0.0063746
0.00528038
0.115454
0.00702704
0.218466
0.208754
0.0037933
0.00722381
0.0502966
0.0733186
0.388136
0.417208
0.090435
0.197925
0.0272906
0.0803313
0.287883
0.0288193
0.00448905
0.17305
0.202352
0.00682566
0.00537968
0.0118632
0.199824
0.118657
0.0701912
0.373029
0.11808
0.00811078
0.0445363
0.0827845
0.00493839
0.341468
0.237807
0.00537706
0.0364828
0.128135
0.0311235
0.0825962
0.136091
0.192615
0.236975
0.0805518
0.0184234
0.00462668
0.198706
0.102883
0.0415683
0.0154798
0.0818261
0.0304176
0.379837
0.00852422
0.0850868
0.0702649
0.0418944
0.167882
0.405422
0.0436116
0.157379
0.0195213
0.149023
0.110897
0.221043
0.156884
0.0662119
0.016118
0.0276136
0.00408502
0.00360072
0.246518
0.0537129
0.0266586
0.00378002
0.178205
0.016884
0.0454366
0.0138343
0.00362867
0.1531
0.00330334
0.43124
0.100932
0.0467855
0.00880531
0.00425238
0.0980765
0.037916
0.00391909
0.289229
0.147253
0.0401684
0.00960999
0.0885985
0.00415492
0.0712066
0.0475475
0.101585
0.0405098
0.00338454
0.0267784
0.0245532
0.388789
0.0118393
0.0023762
0.0389925
0.00320924
0.00330729
0.211818
0.0879144
0.110399
0.0165168
0.0948349
0.0318184
0.08271
0.00268883
0.151461
0.10686
0.148031
0.10494
0.0129109
0.00750043
0.0023485
0.056761
0.0543412
0.26252
0.0855893
0.0141816
0.0920027
0.0384416
0.0425627
0.00229802
0.11126
0.0422
0.0413573
0.0197288
0.00216453
0.0612656
0.0598071
0.0190646
0.0873281
0.354897
0.00815555
0.22028
0.00217781
0.00384934
0.0319533
0.0170046
0.0266286
0.00340221
0.00363074
0.0384037
0.302232
0.0658696
0.00282115
0.00208231
0.0337644
0.0195599
0.0109517
0.0213979
0.190574
0.117038
0.00196174
0.044275
0.00263754
0.00196179
0.0435765
0.102546
0.0151209
0.0429676
0.00201054
0.0521637
0.0329492
0.0343272
0.0635769
0.00198652
0.0113095
0.479096
0.00180712
0.0316035
0.00965627
0.18028
0.0531961
0.0412265
0.151922
0.00166736
0.0154004
0.320915
0.252384
0.0117496
0.00606435
0.00477622
0.076103
0.0670919
0.0228415
0.00929979
0.0432474
0.00221801
0.114638
0.053145
0.0588248
0.00592554
0.0506025
0.0208178
0.102951
0.0553424
0.00135401
0.0670153
0.00126373
0.00218129
0.00118601
0.00984638
0.0022648
0.00214113
0.0183411
0.00188826
0.00107259
0.0237402
0.0300211
0.00205639
0.289026
0.00977408
0.0519938
0.00872175
0.100642
0.0212648
0.226676
0.0206458
0.0265462
0.0251372
0.0159677
0.00877133
0.433944
0.0116198
0.118364
0.0807662
0.0441567
0.275722
0.227335
0.163018
0.00849058
0.0343585
0.030294
0.0374854
0.0131352
0.0214585
0.0599833
0.00123601
0.0184885
0.226917
0.0240445
0.00504572
0.0596716
0.346136
0.139502
0.00860268
0.00194266
0.0166165
0.115711
0.161396
0.0237665
0.130833
0.144762
0.023724
0.0110231
0.00218539
0.283577
0.0261873
0.121796
0.00458542
0.00172472
0.0628446
0.024951
0.00333148
0.0115243
0.00147643
0.0103456
0.00135337
0.00105316
0.0317485
0.000979717
0.00267684
0.0539017
0.0199003
0.0215987
0.00825816
0.125239
0.0139008
0.00586802
0.00466803
0.010838
0.380106
0.00315242
0.0017972
0.0170494
0.00173366
0.0228375
0.0096627
0.0440413
0.407732
0.0327808
0.055573
0.00341863
0.152948
0.125537
0.0411564
0.0667607
0.0258917
0.00428762
0.0365611
0.014219
0.00176316
0.148546
0.030944
0.00118968
0.0169413
0.00159833
0.0106318
0.0076427
0.0904089
0.284401
0.0159535
0.00540232
0.165435
0.0646666
0.0183979
0.0154017
0.218278
0.00720258
0.0665167
0.00504996
0.00407841
0.0115164
0.00645274
0.00871934
0.085785
0.273927
0.00375698
0.0377118
0.0462577
0.0897071
0.107791
0.103084
0.00126561
0.002868
0.0584159
0.00103693
0.0377706
0.129241
0.0344915
0.405355
0.11376
0.0331319
0.00176968
0.00155699
0.00752654
0.0248797
0.00607569
0.00872248
0.159958
0.0503668
0.00702656
0.00151619
0.0898672
0.00567865
0.0864369
0.0015779
0.000983756
0.0170308
0.0758823
0.157201
0.0177972
0.0793773
0.00528909
0.024891
0.030493
0.0915425
0.032708
0.0172068
0.116435
0.0342093
0.00094656
0.0586199
0.000863883
0.0320786
0.248218
0.00988085
0.00734796
0.0108785
0.0440731
0.0009514
0.0739556
0.030256
0.32032
0.00575746
0.0119729
0.00537695
0.0149991
0.00148719
0.00987474
0.126938
0.0856227
0.0233051
0.0028644
0.103405
0.00814587
0.0707418
0.0505186
0.0209258
0.0488798
0.0116346
0.00762434
0.0420435
0.00772151
0.00182938
0.119686
0.00719419
0.00237667
0.0452837
0.213595
0.000917917
0.0190249
0.0397243
0.000849426
0.00123198
0.0137204
0.00135101
0.070994
0.00083258
0.0740027
0.00618953
0.0409226
0.417302
0.0173421
0.0276159
0.0257523
0.123599
0.0542494
0.0682021
0.0155488
0.107463
0.0107991
0.0462391
0.00841719
0.0144951
0.0727379
0.0701779
0.0272479
0.00426223
0.146904
0.00479696
0.0238923
0.044079
0.000924739
0.0189665
0.00262103
0.0165574
0.0411634
0.196837
0.0579494
0.000709509
0.0304361
0.00983628
0.0126041
0.242394
0.346926
0.0310726
0.133083
0.00139722
0.0260524
0.0117694
0.0461225
0.303907
0.0707042
0.0160663
0.0136027
0.0478661
0.00588704
0.0320726
0.0869526
0.147188
0.0494585
0.049305
0.00521132
0.00472836
0.00365611
0.366119
0.0113268
0.00802272
0.0947161
0.090847
0.0216399
0.00100102
0.200452
0.0225023
0.0184315
0.038276
0.0155151
0.0927838
0.000921937
0.0105437
0.00125052
0.178879
0.000759618
0.0424421
0.0372134
0.296827
0.00138944
0.0444645
0.0818014
0.0234891
0.00104449
0.0372933
0.0501363
0.0562135
0.0127588
0.0154981
0.0462649
0.0935726
0.00125157
0.000694437
0.0337671
0.0190386
0.0561189
0.0221206
0.0997814
0.00116421
0.0136042
0.0193953
0.00471431
0.0114004
0.00104552
0.0273443
0.354725
0.0152728
0.0428204
0.0147104
0.00978664
0.0110735
0.0113031
0.000949312
0.00690403
0.00791868
0.101101
0.0286011
0.000944285
0.0968622
0.0169084
0.00526225
0.0106884
0.0124578
0.00754257
0.00558149
0.00283906
0.000541845
0.000940046
0.12718
0.00609736
0.000543828
0.352115
0.0401202
0.0117194
0.0909214
0.00116408
0.0320114
0.0141185
0.00122864
0.0505813
0.0762063
0.000533027
0.157793
0.0373712
0.0262965
0.00871141
0.0491393
0.126309
0.000933561
0.00112177
0.0703579
0.0616893
0.0665869
0.00285807
0.010975
0.0110563
0.0448578
0.000954401
0.0482272
0.00439242
0.000847282
0.0419087
0.000573061
0.00358181
0.00493188
0.0718851
0.0129251
0.00589701
0.013312
0.000673608
0.00855904
0.0409251
0.0389716
0.0385
0.0893648
0.0519088
0.000770483
0.0310948
0.00686284
0.0446471
0.0276463
0.0320575
0.0644309
0.000543868
0.0090038
0.00471306
0.00435557
0.00996586
0.261919
0.00589605
0.000673605
0.0715437
0.035818
0.0172009
0.0178328
0.00373936
0.0209182
0.0281995
0.00378629
0.0776781
0.000547591
0.00302828
0.0581706
0.00329928
0.00745216
0.0443434
0.000896121
0.00495067
0.0265577
0.0442684
0.012474
0.00189399
0.0182568
0.00743224
0.00427843
0.0882372
0.0394452
0.00587228
0.01487
0.00402397
0.00786947
0.0863973
0.0315407
0.0191073
0.00351389
0.0309277
0.00555812
0.0217052
0.0328409
0.00624823
0.000706914
0.0601279
0.0512696
0.00510077
0.00307549
0.389873
0.000950023
0.0136547
0.00339518
0.104913
0.00394126
0.0376026
0.000559638
0.0519005
0.0181011
0.0316268
0.00299924
0.0180325
0.000570807
0.0454312
0.014188
0.00568106
0.029208
0.0142959
0.0086692
0.0150944
0.00618298
0.0111937
0.00933015
0.0102262
0.00698773
0.0871795
0.000774455
0.0562769
0.00275158
0.0336358
0.00581547
0.00247491
0.025854
0.043437
0.00375747
0.0461581
0.036715
0.0234883
0.000831435
0.000858477
0.0167584
0.00243399
0.014276
0.0100872
0.00351003
0.0054613
0.00736708
0.0271037
0.378205
0.00053055
0.0122172
0.000880603
0.014134
0.00282231
0.00572933
0.00254477
0.00805727
0.110155
0.033952
0.0414261
0.0340051
0.0487235
0.0472098
0.0186989
0.0178274
0.0115208
0.0290927
0.00893936
0.0486265
0.00430267
0.00493986
0.064639
0.00373173
0.0103599
0.00327638
0.000806918
0.00066319
0.00546714
0.00060745
0.0367282
0.00323269
0.000528501
0.000498707
0.0130551
0.000545078
0.0236269
0.00658537
0.00495911
0.019692
0.00296644
0.0161926
0.0138284
0.00822542
0.00558251
0.0111279
0.000557985
0.00424992
0.00800735
0.00582368
0.0644853
0.0863445
0.000720133
0.00374392
0.00427248
0.00292104
0.00222751
0.275298
0.00410929
0.000787851
0.000549245
0.00186723
0.130439
0.00771612
0.0493251
0.00134239
0.000623754
0.0194947
0.000574141
0.00112366
0.000530358
0.0260178
0.013896
0.000465388
0.000645628
0.0836252
0.00399558
0.000429833
0.033167
0.026596
0.0372121
0.00365805
0.0448166
0.00344995
0.0202378
0.0263363
0.0438841
0.0151622
0.00924649
0.00338547
0.0096439
0.00326076
0.000762429
0.325706
0.000813115
0.069386
0.0122064
0.00438617
0.00854751
0.0310951
0.00557215
0.118387
0.0306747
0.0416111
0.118335
0.0725727
0.010309
0.0534241
0.0365801
0.00386931
0.018863
0.0174269
0.0490194
0.000558511
0.0146031
0.0486547
0.0119393
0.000467287
0.0128989
0.023138
0.00899925
0.00066119
0.00223145
0.014544
0.00348108
0.0422195
0.00282038
0.0125826
0.0372385
0.0129747
0.00634593
0.000650101
0.206738
0.00213431
0.0280152
0.0116993
0.0444053
0.000507712
0.00290177
0.00269779
0.000489391
0.00791041
0.0529364
0.00175398
0.000342338
0.00200804
0.0293373
0.0312825
0.0170447
0.0246195
0.00502443
0.000478469
0.056096
0.00212963
0.00588077
0.0186673
0.0595764
0.00686126
0.0179424
0.0374001
0.0020159
0.00203392
0.0144852
0.00418213
0.0255582
0.000437904
0.000579363
0.0342828
0.000413617
0.00544877
0.000531148
0.00180227
0.000514592
0.000500434
0.00483166
0.00402081
0.00544981
0.0167752
0.000400442
0.00890966
0.033289
0.00744022
0.00321097
0.00211659
0.0270996
0.00037972
0.321372
0.0286248
0.000371417
0.0350175
0.00197884
0.0834929
0.0198622
0.00227758
0.000565905
0.0380346
0.000339165
0.0234716
0.018068
0.00589667
0.00468073
0.00382151
0.00730753
0.00182071
0.00161314
0.0801259
0.151427
0.00659925
0.0570586
0.00403782
0.000358147
0.0248945
0.00357891
0.00182552
0.027888
0.0108553
0.00159429
0.00254951
0.00139696
0.00354674
0.000492727
0.00047913
0.00034509
0.00758285
0.00344723
0.0293031
0.0249981
0.000455341
0.0247252
0.00386308
0.000356523
0.00873925
0.048664
0.00287466
0.00120516
0.00254502
0.0212192
0.0149911
0.00943294
0.00271701
0.00224786
0.0142885
0.00037998
0.010725
0.0090693
0.00200671
0.000329625
0.000491019
0.0837878
0.00536719
0.00209706
0.0105917
0.00680713
0.224435
0.00118744
0.000372965
0.0120321
0.0152892
0.00174119
0.0155358
0.000309799
0.0110974
0.0163739
0.000297104
0.00402997
0.00582039
0.00154584
0.00217335
0.00310121
0.00273871
0.0153482
0.00220309
0.021627
0.000466698
0.00578158
0.00285615
0.00344761
0.00449795
0.00125369
0.201921
0.0393629
0.000455701
0.00964426
0.00162404
0.0779414
0.0270886
0.0138739
0.0129672
0.030582
0.0157079
0.0161252
0.0257543
0.114655
0.0173383
0.0204287
0.0626225
0.0704686
0.0111807
0.0255227
0.0106211
0.0502623
0.000442531
0.0210778
0.00415969
0.00687816
0.000435336
0.00310274
0.000340045
0.000414573
0.0185316
0.000306236
0.0201673
0.011729
0.0025482
0.00553121
0.0047269
0.0248649
0.0106043
0.0272639
0.00468519
0.000277706
0.0639263
0.00378423
0.0112057
0.00113534
0.0203343
0.0101796
0.00728025
0.0022596
0.085873
0.00361766
0.00380035
0.00128923
0.000407403
0.00286989
0.00292506
0.000285513
0.0157541
0.000343061
0.00128623
0.0118667
0.0286563
0.00230324
0.00123908
0.000280521
0.0330924
0.0106205
0.0137984
0.00308108
0.00039588
0.00119422
0.000369416
0.0237632
0.0060387
0.0448593
0.000332118
0.014531
0.00106261
0.00307459
0.00184438
0.00286747
0.00154307
0.0176273
0.0268798
0.00262384
0.014404
0.00138006
0.00110303
0.00122382
0.0254318
0.0177738
0.0173112
0.000370113
0.00036097
0.000352215
0.00107347
0.0010305
0.385107
0.01016
0.000380957
0.035632
0.0956156
0.0220768
0.0230456
0.0436618
0.0140964
0.00126234
0.000291055
0.00629235
0.00511467
0.000319896
0.00030741
0.0778215
0.00142223
0.00135231
0.0309937
0.005517
0.0210805
0.000367186
0.0285186
0.000285544
0.00732527
0.0148802
0.001018
0.0009793
0.00769779
0.0102597
0.0234763
0.000960658
0.0122663
0.0647644
0.00214555
0.00115529
0.0153893
0.0746884
0.0626066
0.000288957
0.000985796
0.00790009
0.0295591
0.000918086
0.00660063
0.00033622
0.00232935
0.0254519
0.0540317
0.00929907
0.00437226
0.0033801
0.0320042
0.00372486
0.00810399
0.0172728
0.0355801
0.0167077
0.0135749
0.00250761
0.00221619
0.029111
0.00198622
0.016286
0.0254027
0.0231942
0.00106311
0.0030692
0.000273765
0.000927366
0.00254384
0.000821126
0.000261194
0.000749909
0.000689289
0.0253097
0.00272747
0.002707
0.00909573
0.00207696
0.00988676
0.000736713
0.00484095
0.000299929
0.00235039
0.00164409
0.000302864
0.0118487
0.00157986
0.00140207
0.0260939
0.00179299
0.0873696
0.000265831
0.00720485
0.00080454
0.000777436
0.0166967
0.00532787
0.00488453
0.000749241
0.0392422
0.016992
0.0259378
0.015821
0.00181966
0.000995688
0.0095004
0.000259739
0.00317798
0.0081925
0.048062
0.000364349
0.00240303
0.039233
0.002938
0.00871063
0.00186921
0.0208333
0.0135021
0.000242645
0.000296212
0.00155034
0.000669895
0.00627527
0.000237526
0.0181213
0.000299215
0.0117486
0.00160058
0.00149867
0.000233883
0.0168111
0.0198872
0.313117
0.0143064
0.00754567
0.00250755
0.00225858
0.0100478
0.0116592
0.0444075
0.000213021
0.114124
0.00099083
0.0146406
0.00192794
0.000879021
0.0242112
0.00870719
0.000282718
0.00638738
0.00861059
0.00497434
0.0060237
0.0386977
0.0134662
0.000778921
0.000298819
0.000671503
0.173815
0.000209713
0.0171363
0.000201998
0.000195666
0.000892651
0.00202445
0.0167322
0.0206017
0.000200216
0.0131685
0.000193182
0.0045116
0.00854179
0.00525961
0.00212441
0.00666032
0.030883
0.000615541
0.015185
0.00182287
0.00225329
0.0207545
0.00264071
0.0147302
0.00561303
0.00834091
0.00368848
0.000751628
0.00269191
0.0217012
0.00233089
0.00195439
0.00239617
0.000328085
0.00711753
0.00032006
0.00112023
0.00961633
0.0223091
0.0128968
0.000180282
0.000174912
0.000680524
0.279618
0.0380821
0.000340761
0.00513906
0.00317822
0.000812313
0.00158041
0.00865789
0.0032176
0.0168549
0.000815194
0.00125934
0.0192653
0.0133538
0.0265289
0.0045126
0.0317584
0.0124008
0.00027074
0.00312446
0.00250454
0.0142671
0.0100025
0.00742668
0.00196503
0.00024695
0.00309599
0.000234174
0.000168863
0.00265715
0.00703237
0.00697642
0.00226679
0.00165671
0.00162118
0.00861238
0.000684379
0.0357364
0.00251264
0.00558647
0.000577777
0.000534152
0.00185707
0.000257745
0.0015949
0.00450382
0.0188687
0.00139028
0.0307467
0.000227755
0.0159297
0.179895
0.0079306
0.000167239
0.0308526
0.00213469
0.0158899
0.00132623
0.00326711
0.00253668
0.00302897
0.0120216
0.0171103
0.0147669
0.0065165
0.00167355
0.0299296
0.00127143
0.00195181
0.00357642
0.00017234
0.160301
0.00686188
0.00542327
0.037911
0.000263923
0.00017023
0.000744969
0.048069
0.00393571
0.0147787
0.0021572
0.00365406
0.00276814
0.0143935
0.000245737
0.00891106
0.000663123
0.0250934
0.00299998
0.000702268
0.00313147
0.00536862
0.0155544
0.00114893
0.0442252
0.132625
0.00888049
0.033349
0.00572529
0.000499302
0.00153067
0.000460294
0.00137158
0.0146264
0.106967
0.0073916
0.0184391
0.00718616
0.00546367
0.00040857
0.00226104
0.0097626
0.000170704
0.0117494
0.00154062
0.00847656
0.00017565
0.000247274
0.000230933
0.000242235
0.00475008
0.0311479
0.00289537
0.0113172
0.00131687
0.00224062
0.000224268
0.000220324
0.000154733
0.0745059
0.00184326
0.00107712
0.000150981
0.00293461
0.0120706
0.000663032
0.000565681
0.000523311
0.0237178
0.00202146
0.0136104
0.00505823
0.00152288
0.240867
0.0235251
0.0141279
0.0107399
0.00108974
0.0104724
0.00314591
0.0067426
0.000671667
0.000650141
0.0096131
0.00252233
0.000269993
0.00015397
0.00529165
0.0235657
0.0123133
0.00203255
0.00116272
0.000241336
0.0158838
0.00626536
0.00185709
0.000267452
0.000698276
0.000258889
0.0115973
0.000614856
0.000247961
0.0024989
0.0048683
0.0161053
0.000142174
0.0235263
0.00109473
0.00831485
0.000279326
0.012522
0.00932096
0.000135327
0.00440994
0.000293449
0.162903
0.0247048
0.000280572
0.0010912
0.0149953
0.034915
0.000128828
0.000251182
0.00104437
0.00655069
0.0123007
0.0690758
0.00476743
0.0152617
0.0312535
0.0205581
0.0112261
0.000236071
0.00681931
0.0111498
0.0235614
0.000224031
0.017114
0.000234802
0.00394622
0.000132606
0.0019682
0.0177911
0.000557846
0.00369349
0.000221004
0.00331978
0.0134165
0.00780634
0.00321438
0.00255504
0.0132693
0.00472441
0.00183595
0.00082575
0.0283232
0.134405
0.0109728
0.0139587
0.0203828
0.0137764
0.0199839
0.00944487
0.00204934
0.000224524
0.00658943
0.0166804
0.000608078
0.0020823
0.00315283
0.0018167
0.00361041
0.00643987
0.00795507
0.00507192
0.00055253
0.00174632
0.00701551
0.00594026
0.000136814
0.00496963
0.000207675
0.000203652
0.000590523
0.00119301
0.000198608
0.000197122
0.00174273
0.00674528
0.000208432
0.0062922
0.000199245
0.00582633
0.00169437
0.219312
0.00622183
0.000594964
0.000548785
0.004073
0.0157243
0.000580411
0.00995109
0.00552884
0.0103653
0.00435417
0.00282138
0.00353218
0.00246542
0.00019403
0.00119281
0.0122419
0.00115688
0.0010394
0.000138507
0.00188389
0.000522949
0.0125033
0.00132543
0.00195839
0.00811098
0.000187263
0.00181926
0.00104172
0.0225666
0.0362303
0.00459283
0.0163376
0.000181363
0.000537657
0.0015617
0.000177711
0.000396756
0.00975628
0.000359664
0.176697
0.000337588
0.043802
0.0354862
0.0080162
0.00794227
0.000211235
0.00572368
0.013219
0.00190373
0.00769591
0.00206431
0.00529531
0.00392052
0.00435037
0.000186159
0.012639
0.00839468
0.0152122
0.0093544
0.0273729
0.00254794
0.00146672
0.00209913
0.0191719
0.00660647
0.00238242
0.0340159
0.00192635
0.0184208
0.00743831
0.00541448
0.00207315
0.000514015
0.015533
0.0234118
0.001303
0.0916228
0.00652751
0.000200575
0.00616736
0.00179473
0.00407306
0.00115471
0.0490184
0.000588541
0.00157388
0.0069276
0.00852541
0.0209246
0.00356971
0.0433722
0.0230813
0.00046518
0.0109537
0.00133642
0.0287682
0.00311267
0.00140805
0.00734491
0.000200252
0.00243606
0.000137686
0.00150863
0.038883
0.00132105
0.00372267
0.00290034
0.00130404
0.00381601
0.0322297
0.000191032
0.0101306
0.0853426
0.012568
0.000485254
0.000198046
0.00192895
0.0240522
0.0434556
0.000193075
0.000189609
0.0198608
0.00156475
0.000540127
0.0255487
0.000220823
0.00944483
0.0177643
0.000123883
0.000380457
0.000120493
0.00627087
0.000356439
0.0015416
0.000328019
0.00340336
0.00613983
0.000163457
0.00760755
0.00049079
0.0100493
0.000244515
0.0027294
0.0276453
0.00243708
0.003672
0.000166792
0.00114947
0.00678922
0.0159658
0.0224805
0.00107968
0.0124576
0.00344079
0.00107788
0.00915167
0.00181537
0.00379249
0.000463886
0.00669394
0.000450161
0.00819884
0.000190298
0.0004452
0.000116407
0.000181501
0.000113494
0.00017415
0.000984163
0.00276389
0.00591831
0.0278119
0.0180543
0.000538373
0.00714473
0.0137341
0.00544675
0.00537269
0.000855515
0.00249814
0.0168219
0.000170458
0.000402291
0.00970573
0.000174105
0.0013528
0.0102301
0.00463133
0.00016153
0.000331727
0.00697515
0.00175173
0.00239289
0.00485258
0.0103708
0.000167269
0.00715173
0.000153869
0.000888196
0.000163637
0.0068011
0.143819
0.0175443
0.0117902
0.0181519
0.0218116
0.00270709
0.00138197
0.0829854
0.00655647
0.00200686
0.0146558
0.000441109
0.000167429
0.000429559
0.000172852
0.0122456
0.0173389
0.00619501
0.00118777
0.0101413
0.000393885
0.00806636
0.0183423
0.0130092
0.000399899
0.0124228
0.000127139
0.000173253
0.00181066
0.00380953
0.0125936
0.000143098
0.00866072
0.000388834
0.000510118
0.00102776
0.0136189
0.000169961
0.00366645
0.00834984
0.00143349
0.00275332
0.000120039
0.00231811
0.00101538
0.000942612
0.000154463
0.0208021
0.00280482
0.00499142
0.157489
0.000164477
0.0155928
0.0150609
0.00677127
0.0107616
0.00660258
0.0474179
0.00193124
0.000391597
0.000160455
0.00706595
0.0079173
0.0186
0.000144517
0.0104712
0.00578819
0.00109321
0.00157375
0.0126787
0.000961179
0.00867385
0.00103812
0.000132534
0.00533818
0.000169689
0.008462
0.000930486
0.000572457
0.00274745
0.000115834
0.0032059
0.00215929
0.0137767
0.00421796
0.0104254
0.00342528
0.00844411
0.000135325
0.00300693
0.0122796
0.0010644
0.00314648
0.00906675
0.0225198
0.00810479
0.000140847
0.0125082
0.0008687
0.0115996
0.000805619
0.00256276
0.000152106
0.0095908
0.00177877
0.000741075
0.000359053
0.0141855
0.000113698
0.00152353
0.000354378
0.00013649
0.00195738
0.0086325
0.00681617
0.159353
0.0126029
0.000156195
0.00373757
0.00696553
0.0029314
0.00121204
0.0116322
0.00371909
0.000145455
0.00208681
0.00875863
0.00811979
0.000129683
0.00143194
0.00121403
0.00902861
0.004518
0.00134213
0.000174786
0.00660356
0.00179132
0.129572
0.012836
0.0102776
0.000834447
0.00256173
0.00917935
0.00178505
0.0104195
0.00630845
0.00341721
0.00207431
0.00110998
0.107642
0.0054931
0.00825838
0.000389173
0.00348675
0.00966272
0.00334984
0.0315256
0.00149852
0.000121017
0.00866264
0.000458107
0.000926164
0.00156556
0.0184234
0.00574571
0.000419029
0.00432587
0.000103089
0.00333172
0.00367682
0.000385891
0.000115316
0.000367113
0.000358324
0.00105142
9.51265e-05
9.28675e-05
0.0023641
0.0314415
9.17809e-05
0.0109692
0.000942359
0.000388944
0.00745193
0.00106397
0.000840074
0.000120448
0.000760195
0.00110574
0.000956513
0.00578802
0.00106917
0.000773289
0.00103837
0.0298269
0.000161123
0.036474
0.0382841
0.0100792
0.00197354
0.00587302
0.0167258
0.00564384
0.00191807
0.00748906
0.00125892
0.00479438
0.000156836
0.0194438
0.000160719
8.68874e-05
0.0491753
0.000702352
0.00406248
0.000149922
0.0336683
0.00035888
0.000120343
0.031866
0.00222215
0.0107357
0.00976424
0.000389914
0.000380188
0.0281946
0.0015304
0.000143521
0.00423595
0.0225453
0.00109539
0.000145314
0.00638312
0.00101408
0.0141197
0.00172083
0.0392315
0.0216525
0.0102572
0.0116192
0.000135817
0.0018528
0.00464396
0.00661451
0.00578522
0.00683355
0.0142701
0.00280107
0.00223433
0.00367298
0.000774281
0.0181521
0.00289398
0.00667285
0.00085825
0.0159722
0.00446852
0.00630744
0.0117286
0.000111097
0.00175707
0.00893425
0.00116676
0.0038723
0.00120466
0.00129207
0.0131442
0.000471002
0.00341253
0.00674724
0.000989417
0.0032633
0.000466544
9.50699e-05
0.000139308
0.000824069
0.0090839
0.00191085
0.000428655
0.000744967
0.0013217
0.000688755
0.000823003
0.00038755
0.00215173
0.000352466
0.00173523
0.00100034
0.000128257
0.0016838
0.0112706
0.00706052
0.00591416
0.00033704
9.70461e-05
0.00186478
0.000801798
0.000326307
0.000902332
0.000121817
0.000123749
0.00157254
0.0181582
0.00415181
8.64632e-05
0.000737607
8.45908e-05
0.0216257
0.00702338
0.000822769
0.00087848
0.000300672
0.00550952
0.0029227
0.000795489
0.00485451
0.000331023
0.0149835
0.00854873
0.000303206
9.38248e-05
0.00229938
0.000128932
0.00557558
0.00436637
0.00175438
0.00318544
0.00225429
0.00822473
0.00342366
0.000955785
0.00173296
0.000837714
0.00559525
0.0120597
0.00773341
0.000918571
0.00186537
0.000799076
0.187632
0.00104677
0.000120268
0.0217763
0.00280132
0.00244835
0.000859027
0.000817979
0.00195349
0.00229932
0.0136844
0.000754276
0.0198532
0.00544508
0.000741328
0.00239144
0.000352942
0.000751841
0.00556917
0.00063104
0.00391722
0.000123536
0.00115506
0.00181427
0.00373935
0.0215864
0.000352467
0.000804477
0.000332313
0.0130035
8.70821e-05
0.0203689
0.000943148
0.000721904
0.00572629
0.00545256
0.00451327
0.00333007
0.00514985
0.00152898
9.22871e-05
0.00087655
0.000802776
0.000745011
0.000111398
0.000312086
0.000699383
0.00555733
0.0158142
0.00333172
0.0071249
0.0110621
0.000829564
0.000728949
0.000111231
0.00245696
0.0124454
0.00716139
0.00852278
0.0012885
0.000767391
0.000676113
0.00014175
0.0156468
0.000958183
0.00858968
0.000136452
0.000834592
0.00228982
0.000636152
0.00114055
0.0119023
0.000101665
0.00712219
0.00115622
0.000738448
0.00101514
0.000129414
0.00275095
0.00216353
0.20269
0.00642506
0.0161128
0.000107258
0.0083241
0.00574897
0.00116074
0.0058585
0.00345422
0.00144819
0.002954
0.00138425
0.00031493
0.000103302
0.00118346
0.00278642
0.000823673
0.00992836
0.0106514
0.00402375
9.82212e-05
0.000751553
9.62262e-05
0.00059307
0.0069606
0.105301
0.000327636
0.0194209
0.0110822
0.00544429
0.000326773
0.0148083
0.0233029
0.000298901
0.012883
0.00163355
0.00640339
0.00446928
0.00263851
0.000100103
0.0126524
0.000726757
0.0326259
0.0270196
0.000255464
0.0193637
0.000722611
0.000133701
0.00275501
0.000926082
0.00256374
0.0109803
0.000101799
0.00968577
0.00227488
0.00161588
0.00442668
0.00551591
0.000290052
0.000283825
0.00540816
0.000685155
0.000105239
0.00377176
8.386e-05
0.000102588
0.0130344
0.00793863
0.000250224
0.00538709
0.00620849
0.00118997
0.0048476
0.012403
0.00162828
0.00561871
0.0103117
0.00290504
0.00123096
0.144412
0.000767018
0.00241236
0.000297969
0.0290541
0.00400922
0.0119584
9.18459e-05
0.00645411
0.0110903
0.0473987
0.00752944
0.000304909
0.000243101
0.000126368
9.5458e-05
0.000816774
0.0218024
0.000716627
0.000275994
0.0124155
0.000654519
0.00254866
0.00235468
0.00882422
0.0353507
0.0011372
0.00999343
0.000133746
0.00917255
0.00560717
0.00383212
0.017696
0.0114681
0.000817844
0.0124127
0.00274702
0.00750607
0.000725438
0.000310838
0.00415053
0.00582039
0.00180277
0.000258287
0.000674685
9.63079e-05
0.00853162
0.0619131
0.00292636
0.0186691
0.0197786
0.0160734
0.0206806
0.00426714
0.00394068
0.00846526
0.00140852
0.000133128
0.0173376
0.000275839
0.00486446
0.0232675
0.00470609
0.000799145
0.00138063
0.0176397
0.000302567
0.000269822
0.00403129
0.00346437
0.00232984
0.00907199
0.000128334
0.00190889
0.00311045
0.00558632
0.00863101
9.06454e-05
0.00125297
0.065393
0.00027212
9.63567e-05
9.41337e-05
0.010785
0.000125344
0.000599161
0.00205652
0.00311082
0.000279557
0.0128489
0.00305143
0.00495611
0.00143843
0.000730607
0.00817725
0.00534738
0.000243206
0.000230708
0.00442922
0.00331836
0.000819256
0.00310337
0.000269357
0.00235894
0.00125665
0.00256297
0.000251096
0.000120163
0.00195987
0.00176502
0.00490329
0.00689808
0.00413739
0.00572045
0.00216363
0.00385888
0.00540302
0.00058587
0.000118706
0.0106077
0.00241079
9.05682e-05
0.00403472
0.000118067
0.00509005
0.00329215
0.00994239
0.0692489
0.00291427
0.00610999
0.000945751
0.000748026
0.000704329
0.00741917
0.00136049
9.20778e-05
0.00601005
0.0050506
0.00150252
7.63035e-05
0.000115533
0.00367264
0.0167207
0.000606065
0.000259917
0.0149313
0.00244165
0.00022355
0.000213419
0.0133417
0.000548251
9.15066e-05
0.000666642
0.054641
0.0173314
0.00321795
0.00608416
0.00895305
0.00260336
8.94694e-05
0.000239007
0.00339629
0.00062808
0.00280456
0.00631872
8.93944e-05
0.00272375
0.00186506
0.00157891
0.0614951
0.0144321
0.000263962
0.00175985
8.85005e-05
0.0026266
0.000554694
0.00170727
0.000116272
0.00227115
0.00562123
0.000227916
0.00145074
0.000221785
0.000500058
0.00178903
0.0248198
0.000208494
0.0190309
0.0113189
0.00263165
0.0044291
9.30826e-05
0.00211924
0.00406126
0.000640931
0.000187465
0.000591049
0.00322197
8.34425e-05
0.000103492
0.00186015
0.00421035
0.00294336
0.00253629
0.000915179
0.000814151
0.00833447
0.0693498
0.000719434
0.00780269
0.0201436
0.0018242
0.000879301
0.021616
0.0043694
0.000211216
0.000628005
0.00349026
0.00297361
0.000255347
0.00183727
0.0105359
0.000110123
0.000222149
0.00742031
0.00543206
0.0069793
0.00102784
0.000110973
0.00479039
0.00362452
0.00219889
0.00108534
0.00514948
0.00216684
0.00441229
0.000538877
0.00694764
0.00703891
0.000668254
0.000825299
0.00024149
0.00510688
0.00487682
0.00164935
0.000538548
0.00139297
0.0175984
0.000113156
0.000912758
0.139322
0.00307316
0.00534002
0.000576451
0.0042879
0.000696111
0.0312682
0.00409188
0.000184258
0.000963491
0.0025703
0.000275391
0.00334708
0.00318137
8.16157e-05
0.00178782
0.0245995
0.00252925
0.00209146
0.00122093
9.27065e-05
0.00167875
0.000274423
0.00433546
8.32794e-05
0.00419398
8.13987e-05
7.96789e-05
0.0139543
7.81509e-05
0.00381404
0.0141295
0.00175212
0.0144729
0.00101527
0.00140094
0.000680536
0.00587909
0.000626625
0.000654694
0.00332222
0.000105252
0.0196767
0.000686285
0.00775727
0.00203064
0.000245604
0.000614817
0.000555344
9.39853e-05
0.000527988
0.00236909
0.0055601
0.00560585
0.00452171
0.000231842
0.00836521
0.00597274
0.000474381
0.000103927
0.00187175
0.000224204
9.23901e-05
0.000840738
0.0043531
0.000750129
0.00119973
0.000216962
0.000212922
0.0770687
0.00659688
0.000759512
0.00636031
0.000698922
0.00343863
0.000219165
9.22114e-05
0.000472178
0.00385022
0.00021116
0.000176612
0.00463537
0.00106971
8.93903e-05
8.8326e-05
0.00845168
9.01916e-05
0.00164518
0.000439815
0.000168362
0.000161809
8.24826e-05
0.00140781
0.000152407
0.00685015
0.00130842
0.00449893
0.00147824
7.90678e-05
7.743e-05
8.97989e-05
0.000797129
0.00190305
0.00349603
8.96451e-05
0.00263106
9.04379e-05
0.000201722
0.000192816
0.00148757
0.0123241
0.000200392
0.0942571
0.00250037
0.0120396
0.00207183
0.000917658
0.000219639
0.00166634
0.0358868
0.00161768
0.00980915
0.00282982
0.00699434
0.00146686
0.00433114
8.38819e-05
0.00272119
0.0162953
0.000583348
0.00462612
0.000542801
0.00389779
0.00263118
0.0591034
0.0125463
0.000547517
0.018723
0.00868235
0.00240447
0.000542739
0.000100697
0.0113639
0.00220948
0.00694052
0.00261131
0.00138485
0.00117338
0.00165875
0.00265437
0.0017691
0.00100884
0.00357422
0.000198393
0.000984667
0.00138693
0.000124659
0.0867386
0.00314192
0.00452864
0.00325033
0.00276017
0.000920638
0.00170278
0.0222629
0.00357764
0.000204196
7.08091e-05
0.00058677
0.000571631
0.0038463
0.000215677
0.000194246
6.97736e-05
0.00286845
0.000211297
0.00916783
0.00228167
0.00263373
0.000200144
9.25994e-05
0.00674083
0.00241827
0.00114974
0.00340433
0.00517549
0.00213654
0.00380727
0.00289316
0.000476194
0.000221001
0.000968824
0.00277096
9.73377e-05
9.59243e-05
0.00254483
0.00891475
0.00758393
0.00509052
0.00368885
0.0004864
0.00371494
8.70126e-05
0.00188345
0.00325285
0.000579456
7.19882e-05
9.14347e-05
0.000534166
0.00279829
0.00980548
0.0028934
0.00845489
0.00804093
0.00702816
0.000505963
0.00703481
0.00498443
0.00375086
0.00270601
0.00107912
0.078692
0.00340139
0.00192627
0.00260232
0.000716742
0.000191806
0.00274263
0.00563249
0.0114783
0.00333169
0.00435599
0.000498234
0.00311451
0.000631929
9.34849e-05
0.00243037
0.000952102
0.00179944
0.00458185
0.00336392
0.00139246
0.00483965
0.00322494
0.000483907
0.00133278
0.00250597
8.75456e-05
0.000164035
0.00308872
0.0303392
0.0092441
0.000166582
0.000480765
0.00116319
0.000542986
8.91047e-05
7.68532e-05
8.79266e-05
0.00141125
7.3746e-05
0.00588359
0.00148697
0.0143901
0.00106438
0.000926501
0.00241164
0.00523331
0.000436402
0.00294001
0.00245928
0.000727709
0.000445123
0.00115869
0.00372825
0.00096559
0.0131248
0.0001473
0.00183933
0.00159576
0.000589338
0.0811172
0.00177719
0.00151486
7.99039e-05
0.000468285
0.000436856
0.0120463
0.00418356
0.00113408
0.000124063
0.00173399
0.0220523
8.24391e-05
8.01137e-05
0.000416091
0.00265441
0.000194029
0.0339101
0.000390432
0.000602931
7.37321e-05
0.0022622
0.00221142
0.000490665
0.00188341
0.00161992
0.000546611
0.00132358
0.0251032
0.00416205
0.00135556
7.24605e-05
0.0032037
0.00251645
0.000194244
0.000538204
0.00595143
7.00034e-05
0.00133577
0.00381775
0.00665439
0.00114167
0.0115069
0.00521766
0.000433773
0.000607323
0.00483575
0.000184241
0.00399415
0.00040771
0.00212915
0.00999936
0.00113521
0.0046889
0.00484795
0.00105275
0.00373989
0.00114582
0.00307058
0.00244155
0.000737543
0.00017643
0.0540162
0.000192714
0.000189289
0.00911127
0.00147951
0.00210988
0.0171201
0.00256349
7.19149e-05
0.00828312
0.00056974
0.00462544
0.00629346
0.000640711
0.000548756
0.00536944
9.13924e-05
0.0174942
0.022519
0.000674049
0.00018266
0.000179511
0.00165708
0.00264566
0.000173362
0.00224752
0.000461651
0.00289364
0.000443621
7.78168e-05
0.00232701
0.0135129
7.82944e-05
0.00104223
0.000383024
0.000723919
0.0087265
7.76223e-05
0.00021685
0.0358687
0.000501217
0.00257293
0.0130645
0.00340113
0.000682269
0.000822124
6.55772e-05
0.00247544
0.00791829
0.000597145
0.00779261
0.00199955
0.0036803
0.0023477
0.000227672
0.00546942
0.00016792
0.000879924
0.00225304
9.64185e-05
0.000737188
0.00402948
7.35069e-05
0.00154619
9.11168e-05
0.000598522
0.0482515
0.000387026
0.000781124
0.000200003
0.0110642
0.0187652
6.49191e-05
7.21626e-05
0.00318721
0.000180827
0.0230779
0.000171173
0.00102617
6.90239e-05
0.000381757
7.08502e-05
6.77202e-05
0.00869804
0.000173386
0.00322968
0.000350279
0.0181536
0.00754775
0.00379229
0.00312707
0.00284026
0.00902484
0.000500863
0.00838108
7.07048e-05
9.3243e-05
0.0031386
6.71283e-05
0.00309174
0.00260124
0.00152636
8.69163e-05
0.00475382
6.45268e-05
0.00490214
0.000872892
6.74162e-05
0.00721811
0.000196794
0.000187988
0.000774669
0.00589639
0.00445571
6.45037e-05
0.00298665
0.00169242
0.0549875
0.00637721
0.000369906
0.000346137
0.00349879
0.000782045
0.00204601
0.0148532
0.00142802
0.00322516
0.00261685
0.00357495
0.000368515
6.75021e-05
0.00216541
0.000744839
0.00748907
0.00110484
0.0556311
0.0124629
0.00129885
0.00154987
0.00395413
7.32365e-05
0.000162161
0.0029432
0.00238887
0.00176168
8.69398e-05
0.000460965
7.87632e-05
0.00561466
0.00038322
0.00245296
0.00427456
0.00643427
0.000900604
0.00116937
0.000751505
0.000673476
6.53509e-05
0.000761769
0.0017139
0.00357628
0.00551479
0.00122819
0.00291944
0.00262441
0.000552559
0.00223531
0.00121467
0.000777644
0.00221011
0.000447613
0.000385091
6.65483e-05
7.02585e-05
0.00046495
0.0989736
0.0182421
0.000160611
0.000525186
6.72519e-05
0.000154079
0.000499279
0.00182008
0.00174318
0.00170859
0.00806576
0.00151689
0.00100687
0.000172545
0.000429111
0.00275805
0.00109736
0.0112977
0.00410669
0.000959502
0.00347578
0.00233639
0.000379618
0.00351481
0.000353784
0.000332597
0.00101151
6.4626e-05
0.000166481
0.000839518
0.00777094
0.00948764
0.000305851
0.000162723
0.00432554
6.79536e-05
0.00149477
0.000287509
0.000684005
0.0383836
0.00145166
0.00344549
0.00998729
0.00273704
0.000265459
0.0113271
0.00276073
0.00234873
0.00145462
0.00163089
0.00052523
0.000164536
0.000495064
0.000282148
0.00215533
0.000155705
0.0130158
0.00207038
0.00405841
0.00212214
0.000158708
0.00489424
0.00744274
0.000270309
0.000256197
0.00200702
0.0345593
0.00127024
0.000672962
0.000163216
6.28408e-05
0.00904776
0.00289796
8.79404e-05
0.00152508
0.00412283
0.000492061
0.00310331
0.000586195
0.00087697
0.00831222
0.0177185
0.000698306
0.0021681
0.000605601
0.00251185
0.00217695
0.00291176
0.000547022
0.000156166
0.00830334
0.00665883
0.00227909
0.00253634
0.000284627
0.000697294
0.000153428
5.6365e-05
8.56839e-05
0.00211973
0.00716188
0.00200461
5.4325e-05
0.000710814
0.000641582
0.00531451
0.00210625
0.00043802
6.97191e-05
0.00558697
0.000672864
0.00423725
0.000184563
0.000409698
0.00450376
0.00433963
0.00199803
0.00231986
8.81718e-05
0.00177643
6.91976e-05
0.014006
0.0012256
0.000144449
0.000517002
0.0702143
8.83622e-05
0.00180632
0.0127323
0.000151474
0.00130195
0.00115864
6.37183e-05
0.00304885
0.00155853
0.00131735
0.00349895
0.000394329
0.000281604
0.000975864
0.00708992
0.00496043
0.0544052
0.00680882
8.08461e-05
5.77797e-05
0.00116062
0.00015001
0.00455719
0.00233145
8.22471e-05
0.00432415
0.00079246
0.00189014
0.04507
0.0027673
0.0127686
0.00704024
0.00227754
5.69875e-05
5.5936e-05
0.000289223
0.00165479
0.0014251
0.00571769
0.00219983
0.00028005
0.000175988
0.00722729
8.75991e-05
0.00106458
0.00042332
0.000404026
0.00305003
5.39963e-05
0.00156891
0.00870985
0.0024372
0.000298722
0.00344096
5.48188e-05
0.0030648
0.000153386
0.00278893
0.000390521
5.38856e-05
0.00583703
5.46428e-05
0.00168344
0.00124803
0.00290784
0.000313725
0.00229225
0.00143353
0.00123766
0.00207535
0.000142115
0.0019151
0.00326749
0.00588772
0.000300014
8.16493e-05
0.00144222
0.0476921
0.000396769
0.00286847
0.00547206
0.000966441
0.00382716
0.000361833
0.00129093
0.00014109
0.00983776
0.00120676
0.00318876
5.77209e-05
0.00327584
6.4263e-05
6.26494e-05
5.66565e-05
8.13341e-05
0.00267044
0.00100215
0.000163232
0.0027785
0.000853898
6.25355e-05
0.000152996
0.00200091
0.00474983
0.00203984
0.00166078
0.000779084
0.000153835
0.00014775
0.000331086
0.00406003
0.00759051
0.0432117
0.000147849
6.33932e-05
0.00215224
0.00174319
5.29779e-05
8.007e-05
0.000137134
6.14697e-05
0.0147137
0.00269968
5.17333e-05
0.00013121
0.00132086
0.00205347
0.000148029
0.000145721
0.00119424
0.00821389
5.18819e-05
0.000121995
0.00446362
7.98101e-05
0.0203794
0.00598792
0.00992187
0.000149147
6.21485e-05
0.00297001
0.0055398
0.00147448
0.000112912
4.97248e-05
0.000108982
0.00816381
6.12935e-05
0.00153407
0.000141492
0.00707242
0.00286851
0.000124602
0.000342067
4.81304e-05
0.00225425
0.000137625
7.51187e-05
0.00413619
0.00762211
0.003107
0.00304196
0.00294292
0.0242398
0.000669593
0.00142714
0.00137508
6.02796e-05
0.000139042
0.000578221
7.22678e-05
0.000102052
0.000378189
0.0015955
0.00117133
5.50081e-05
0.00207435
0.000333539
0.00406989
0.00113216
0.000101167
5.03849e-05
0.000312342
4.95528e-05
0.00193949
0.0100063
0.000534861
0.00477756
0.00196953
0.00102314
0.0194842
0.00275039
0.00210439
0.00565923
0.00828877
0.0022217
0.00210674
0.00173029
7.56083e-05
5.03204e-05
0.000989751
0.000858863
0.00456875
0.00260263
0.00481111
0.00248328
0.00125834
4.73946e-05
0.0109599
0.000679373
0.0384722
5.13903e-05
0.00482431
0.00152173
0.0028886
0.000132703
0.00256827
0.00227058
0.0010061
0.00251688
0.00028015
0.00184309
4.61949e-05
0.00060283
0.00431522
0.000128092
0.00202216
0.00224077
0.00292087
0.000931598
0.00594018
5.21767e-05
0.000665589
0.000125511
0.00270827
0.00418321
0.000124445
0.0100668
0.00223122
0.000823662
0.0443618
7.4347e-05
7.3403e-05
0.0011311
0.00139617
0.000540277
7.11022e-05
0.000369799
7.01174e-05
0.000354444
0.00169939
0.00131223
0.000342435
0.000454819
0.00115763
0.000126918
0.00252474
0.00421476
0.00925117
0.000122333
0.00332462
5.65562e-05
0.000112892
0.0276147
0.00175763
6.86856e-05
0.00747643
0.000337724
0.0014999
6.72706e-05
0.00583742
0.0075064
0.00135657
6.98316e-05
0.000999061
0.00517495
0.0023008
0.00425694
0.00191807
0.00208178
0.000309812
0.00363014
0.00295731
0.000320808
0.000308195
0.00258374
0.00159188
0.002265
0.00165656
0.00169542
0.00448454
0.00117185
0.00103961
0.000164141
0.000889196
4.88496e-05
0.000282836
7.2346e-05
0.000272153
0.00351342
0.00095968
0.00265677
0.00214563
0.00129721
0.00329678
0.0538089
0.000666451
0.0101458
0.00113809
0.00032607
0.000622553
0.00229928
0.000309001
0.000808148
0.00390851
0.00157885
0.00626503
0.00123331
0.000137353
0.000132208
0.00124503
0.000283857
0.000299979
0.00112277
5.53489e-05
0.00293768
0.000878552
0.00148452
5.37332e-05
0.00318311
4.93964e-05
0.0042329
0.00344643
5.01139e-05
4.8559e-05
0.00282777
0.00086423
0.00241332
0.00100941
0.0677184
0.00783721
0.000121521
0.000121209
0.00103241
0.00106806
0.000545751
0.000307438
0.000836594
6.7357e-05
0.000739796
0.00208784
0.00176232
0.000117502
0.00138242
0.000268028
0.00112464
0.0449333
0.000473818
0.000108457
0.00482118
0.00624936
0.00142459
5.52881e-05
0.00105897
5.39204e-05
5.26912e-05
0.000437107
6.47038e-05
0.00166975
9.86247e-05
0.00321803
0.00137641
0.000362172
0.000989995
0.00249264
0.000327697
0.00654384
0.000727996
0.00178467
0.00611667
0.00340266
0.000109461
0.00569931
0.000253391
4.6461e-05
0.000466423
0.000588038
4.56911e-05
0.00165824
0.00363892
0.00261511
0.000481527
0.0029167
0.000870608
0.00231143
0.00032758
0.000825081
0.000396494
0.00684167
0.00200476
0.0002339
0.00111684
0.000601367
0.00260131
0.00177258
0.00553818
5.45141e-05
0.00164472
0.000228611
0.00276457
4.71397e-05
0.000114417
0.00536111
4.65405e-05
0.0025333
0.00444541
5.04197e-05
4.93132e-05
0.000221621
0.000346563
4.81018e-05
0.000124499
0.000512156
0.000203908
0.00108482
4.68567e-05
0.000925924
4.60613e-05
0.00021177
0.00413474
0.000455619
0.00526984
0.0021438
0.000340467
0.00422738
0.000120018
6.68003e-05
0.000589105
0.0739981
0.00050341
0.000350409
0.000853906
0.000454448
4.48862e-05
0.000419904
0.00219029
6.59463e-05
4.55842e-05
0.00118025
0.00383491
6.41116e-05
0.00635096
0.00179692
0.00031362
0.00234333
4.29065e-05
0.00246254
0.0038273
0.000100917
0.000773107
0.000116652
6.19766e-05
0.00476187
0.0607815
0.00151541
0.00262819
5.17426e-05
0.00324162
0.00107601
0.00229245
6.40538e-05
0.00106694
0.0018409
0.00037736
0.00111959
4.37002e-05
0.00426128
0.00189096
6.11097e-05
0.0251718
0.000270468
6.2272e-05
0.00128189
6.10337e-05
0.00141323
0.000253276
0.00841777
0.000118466
0.000360119
0.00210376
0.000116136
0.000241918
0.000331272
0.0179551
0.00169702
0.00137953
0.00179738
4.44488e-05
0.00958003
0.000316446
0.00640728
5.87143e-05
0.000648301
0.00825604
0.00125374
0.0112126
4.05404e-05
0.000332159
0.000255211
0.000345886
0.00792839
0.00229778
0.0012046
0.000260032
0.000117257
0.00147677
0.000927284
0.0027941
0.00129152
0.000117602
0.000113739
0.00294208
0.0021323
0.000466807
0.00244217
4.59762e-05
0.000238233
6.12366e-05
0.0020244
0.000233172
0.0013892
0.000109425
0.00122386
0.00176677
0.000112177
0.000723077
0.0225785
0.00724964
0.00110435
0.00148883
0.000271152
0.00330133
0.00109344
0.000771188
0.0155409
0.0014038
0.00093933
0.000339953
0.00904553
0.00151402
0.00134554
0.000796433
0.000275414
0.000113484
0.00110477
0.000307909
0.00063579
0.000292222
0.000946947
0.00356383
0.00110573
0.000490206
0.0209792
0.000269006
0.000299855
0.000289385
0.00378903
0.000409711
0.000106207
4.68652e-05
0.00261979
5.70262e-05
0.0164915
0.00383518
0.000876383
9.45181e-05
0.000402383
0.00785503
5.46108e-05
0.000945133
0.00278833
0.000970533
0.00193964
0.00297435
0.000250706
0.000332966
0.000653909
0.00176293
0.000686106
0.00029686
0.000372696
0.00134982
0.000246313
0.00113686
0.0466386
0.0023838
0.00120735
0.000100115
0.000225639
0.000941525
0.000857847
0.000196889
0.000955355
0.0003064
0.0010463
0.000417555
0.0118285
0.000264067
0.0215368
0.00668876
0.00491526
0.000642093
0.00105047
0.000918321
0.00169043
0.000236555
0.000965366
0.011823
0.000863986
0.0298278
0.001024
0.00323883
9.32278e-05
4.54839e-05
4.47725e-05
0.00117732
0.000215041
0.00123429
0.00417247
4.22845e-05
0.000254403
0.000111048
9.47021e-05
0.000569176
0.00937666
0.00055181
0.00908543
0.000464862
0.00226395
0.00605286
0.0327177
0.0078205
0.00203311
0.000101184
4.09774e-05
0.00492761
4.83736e-05
0.00139359
0.00473645
0.000278092
0.0023428
0.00048875
0.000270167
0.025958
0.00155462
0.000449346
0.00127301
4.72431e-05
6.18583e-05
0.000111089
9.77966e-05
0.00467238
0.00175848
0.000274627
0.000240905
0.000228419
0.00204034
0.00027706
0.000266992
0.0216548
0.000435259
0.000900441
0.00510575
0.00283383
0.00110498
0.00277921
6.27791e-05
0.000952418
0.000269178
0.000239513
0.000226878
0.00431683
0.000111138
0.000107323
0.00218756
0.00165502
0.00133325
0.00222601
0.000258793
0.000102597
4.1759e-05
0.000105282
0.00137444
0.000222378
0.000448899
0.00101622
4.07976e-05
0.000394624
0.00198468
0.00129468
0.00091927
0.0015907
0.00124303
0.00106062
0.000103755
0.000922219
0.00433377
4.07781e-05
0.0001022
0.000105114
0.000222614
0.00181782
0.000211335
0.00055767
0.000100974
0.00103704
0.000254496
4.17528e-05
0.0173277
4.11499e-05
0.00774958
0.0102035
4.05088e-05
6.27275e-05
0.00416585
0.0121966
0.000102985
0.00148438
0.00104966
0.000407904
6.02789e-05
9.69429e-05
0.00137405
0.000225671
0.00357944
0.00136139
0.00280112
6.33143e-05
9.85557e-05
0.00150223
0.00113614
0.00236536
3.86963e-05
0.00101005
0.00101775
3.92173e-05
9.66028e-05
0.000233753
0.000763524
0.000512076
0.00271769
0.000225257
0.00106514
0.000788779
0.00072519
0.000698464
0.000212918
9.23697e-05
0.00832061
0.00223872
5.82761e-05
0.000259146
0.0053895
0.0488689
9.94627e-05
0.00022624
0.00098214
4.32366e-05
9.49398e-05
0.00437503
0.00114363
0.000986499
0.000226705
0.000215133
0.000398039
0.0202727
0.000251627
0.00502575
0.00200737
0.000216779
0.00121682
9.81494e-05
0.00187748
0.00104305
8.76497e-05
0.00174498
0.00150305
0.00132916
0.000335916
0.00160102
3.73974e-05
0.00118794
0.00143157
0.000212733
7.87882e-05
9.60241e-05
0.00107215
0.00103385
4.11128e-05
0.00135858
7.61438e-05
9.39784e-05
0.0017161
0.000195355
0.00106846
0.000740123
0.000254464
3.73177e-05
0.00140877
0.0248899
0.00130175
0.00131387
0.00102245
0.000170062
5.84281e-05
0.00167736
0.00479648
0.00106185
0.00026745
9.20071e-05
0.00144203
3.63631e-05
0.00704926
0.00481957
0.000564838
9.09255e-05
9.17131e-05
0.000681641
0.0015115
0.00129705
0.000966747
5.7784e-05
0.000834892
0.000169206
0.00121798
0.000751881
4.08734e-05
0.00269707
0.00220024
0.000104385
4.43827e-05
0.00329512
0.000449165
0.000404596
0.00452269
8.87712e-05
0.000450372
0.00035938
0.00330448
0.0666663
5.83338e-05
4.24979e-05
0.000815634
0.00519554
3.65915e-05
0.00386823
0.000649986
0.00153254
9.1842e-05
4.71525e-05
3.56647e-05
0.000366679
0.00205465
0.000239671
8.26121e-05
0.000658913
0.00161874
0.00395509
0.00277978
0.000356538
0.00125939
0.000363788
0.00289743
0.000194523
0.0407559
0.00024891
9.29342e-05
0.00106669
0.00519087
0.0012769
0.000376302
0.00246199
3.55645e-05
0.000361851
0.00156773
0.001648
4.59062e-05
0.0013863
0.000186017
0.000668336
0.000603626
0.00352354
5.3394e-05
0.000264664
0.00053825
0.0015717
0.00384006
0.00200159
0.000625535
0.0015349
0.00125112
0.00281816
3.48082e-05
0.000499698
0.00127702
0.00113432
0.000199036
0.00222818
0.00117714
0.00484385
0.00125227
3.46583e-05
0.00107106
0.000960486
7.8584e-05
0.000860169
0.000229219
0.00664929
0.000219642
0.000418646
0.00375676
0.00405711
4.60705e-05
0.0050982
9.18593e-05
0.00393116
0.000187376
0.00126309
5.62672e-05
0.00237489
0.00017978
0.00156269
0.00345284
0.000547105
0.00028276
0.00486351
0.00153975
9.3098e-05
0.000183411
0.00161036
0.00314745
0.000313881
0.000965841
3.54156e-05
0.000470841
8.67173e-05
0.00037083
5.42568e-05
0.00394593
0.000332131
8.55836e-05
0.00153756
0.00124569
0.00338926
0.00449263
0.000400166
0.000370086
0.00341955
0.00273426
0.000471781
0.00143511
0.0801383
0.0019816
0.00270656
0.00217679
0.00356508
0.000767009
0.000107561
0.00307346
8.68996e-05
0.000838319
0.000622332
0.000449177
0.00527545
0.0309513
0.00322235
0.00166705
0.000935053
0.000166145
0.00084061
0.00115408
0.00010828
0.00498295
0.000437424
0.00289829
0.00240581
0.000530084
0.000482311
0.000108998
0.00231578
0.00220006
5.89946e-05
0.000237261
0.000696312
0.00264734
0.000615536
3.60288e-05
0.00164419
0.00105134
3.51877e-05
9.50903e-05
0.000588764
0.000344771
8.99991e-05
0.00349933
0.000477777
0.000330492
4.48809e-05
0.000437535
0.000405655
0.00039044
0.000964424
0.00275988
3.33641e-05
4.60419e-05
8.65077e-05
5.50832e-05
0.000339385
0.00223881
0.00381277
0.000497672
7.84039e-05
0.0013687
3.23466e-05
0.000344804
0.0638337
0.0149515
0.000261069
0.000252132
9.34231e-05
0.000190528
0.00258736
0.000283243
9.0916e-05
4.38403e-05
8.97957e-05
0.00150444
0.00025853
4.1136e-05
0.00115822
0.000805996
0.00172327
0.00350115
0.000233446
4.10965e-05
0.00275464
0.000246746
0.00340598
0.00488665
0.00114294
0.00025582
5.37331e-05
0.00121416
3.86594e-05
0.00102104
0.00348635
9.06011e-05
0.00283749
8.28584e-05
8.18878e-05
0.00232657
0.000903026
0.000521689
0.000543903
0.000104258
0.000168109
0.00082271
0.000437541
3.53992e-05
0.000431688
0.000386504
0.00221397
7.95926e-05
5.65201e-05
0.000340833
0.00228742
0.00438258
0.00266931
0.000839933
0.000750368
3.44995e-05
0.0649434
0.000231277
3.57364e-05
0.000171004
0.015205
0.00799111
0.000372261
3.63175e-05
0.000784536
5.81508e-05
0.0060355
0.00216986
0.000828007
0.00297226
0.00107985
0.000663839
0.000993501
5.54254e-05
0.000607909
8.53675e-05
0.000549168
0.00306699
0.0016468
0.00307824
8.31471e-05
8.73273e-05
8.23772e-05
0.00018983
0.00214063
0.00249602
0.00174422
8.09316e-05
0.00206959
0.00117344
0.000556074
0.00407247
0.00330938
7.93878e-05
0.000611089
0.00129862
0.000472174
0.000168655
3.98167e-05
0.000568827
0.00254885
0.000102461
0.000215829
0.00115317
0.00101033
0.0494583
0.000170109
0.00075035
0.00107341
3.45657e-05
0.00309499
0.00119517
0.00207288
0.00215674
0.00282174
0.0236801
0.00321278
0.0015878
3.48209e-05
0.00411811
0.00102412
0.000850711
0.00111775
0.00170702
0.0014526
0.000496543
0.0309415
0.00257749
0.00016803
0.00122352
0.000903405
0.00102964
5.83248e-05
0.0143379
0.00626377
0.00266085
0.00108223
3.43447e-05
0.000975527
5.68806e-05
0.000245859
0.000862056
0.00101816
4.08978e-05
0.0169093
0.00276261
0.00201002
0.00458174
0.00129806
0.00217106
0.0028399
0.00238222
0.00248653
0.00401419
8.0218e-05
0.000842234
0.00161508
0.00205849
3.34276e-05
0.000794081
4.32694e-05
0.0012773
0.00111003
5.44561e-05
0.000408159
0.000550275
0.0013108
0.00102494
0.00317428
5.29996e-05
4.34121e-05
0.00115188
0.00242743
0.000916183
0.00201485
0.0015543
9.13963e-05
0.000833188
0.000685036
7.80019e-05
4.09444e-05
0.000758421
0.000548026
0.000226315
0.00107713
0.00226173
0.00181967
9.29574e-05
0.000349402
0.00061049
0.00240327
0.0015919
0.00202914
0.00175695
8.35846e-05
0.000660564
0.000161862
8.11182e-05
0.00057318
7.87649e-05
3.67236e-05
0.00190129
0.000600928
0.00366542
0.00143376
0.00027612
0.00100512
0.000887465
0.000447444
7.57432e-05
0.0003984
7.47066e-05
0.00317774
3.88832e-05
7.44251e-05
3.35544e-05
0.00139425
0.00039682
0.00094678
0.00364534
0.000354251
0.000523242
0.000158211
7.62416e-05
0.000225187
0.00224558
0.0018248
0.00122452
0.00364551
0.000317256
0.0696915
0.000666784
0.00346321
0.000153222
0.000933838
0.000147046
0.00219276
0.00398517
8.2772e-05
3.8056e-05
0.000633564
0.00273011
0.00180779
0.00173267
0.000582425
0.000655484
0.00272783
0.000567399
5.37079e-05
0.000836856
0.000503957
0.000446341
0.000500897
8.26849e-05
7.42398e-05
0.00202297
0.000300811
0.000419375
0.00158699
0.00044067
0.00132484
0.000221333
0.051291
0.000672819
0.0006083
0.00112151
0.0160579
0.000758255
0.000175829
3.346e-05
0.000168592
7.73986e-05
7.65361e-05
0.00175806
7.49005e-05
0.00135736
0.00016275
0.000990089
0.000150495
3.522e-05
3.47228e-05
0.00337556
0.00154557
0.000757307
0.00296777
0.00124542
0.00159472
0.000248536
0.000538099
0.00100577
3.42603e-05
5.41712e-05
7.1698e-05
0.000878424
0.00534365
0.000234295
0.000716815
0.00218588
0.000566832
0.00185784
0.000464116
0.000475593
0.000463117
0.0015271
3.61626e-05
0.00084574
0.000141698
5.57016e-05
0.000538839
0.000598827
0.000366695
0.000339897
0.000101362
0.000776702
0.000697029
3.30379e-05
0.000551817
5.53896e-05
0.00367195
0.0012353
0.0594697
0.000248676
0.0146152
7.4761e-05
3.6169e-05
0.000820887
0.00664984
0.00728608
5.68973e-05
0.00264784
0.000252497
0.000518986
0.00228601
0.00830791
0.000137522
0.00307218
0.000133163
0.000833763
0.0021695
0.00191818
0.00147547
3.21535e-05
0.00268096
0.00165874
0.00230438
3.50063e-05
0.000680851
3.36138e-05
0.000546025
0.00101681
0.000119075
5.78222e-05
3.28829e-05
0.00191365
0.000695725
0.000870742
7.00536e-05
0.00060427
5.61682e-05
0.0242597
3.25715e-05
0.000607626
0.000132123
0.00256845
5.508e-05
0.000863964
0.000135005
0.000556136
3.12996e-05
7.12331e-05
0.000245241
5.37685e-05
0.000505276
0.0019914
0.00013138
0.00166357
0.00630798
3.19511e-05
0.000767833
0.00448103
5.25644e-05
0.000228295
0.000762666
6.86507e-05
9.87049e-05
0.000650551
3.3122e-05
0.000136837
0.000564715
0.00318722
0.000469145
0.0024861
0.000128075
0.000649625
0.000402995
0.000702761
3.24503e-05
0.000634934
3.17582e-05
9.71239e-05
0.000622516
0.00333551
0.000371575
0.00163255
0.00108443
3.16794e-05
0.000279714
0.00220434
0.000586102
6.71923e-05
0.000216502
0.000549636
0.0043399
0.000133489
0.000351428
0.0517431
0.000811528
0.000422707
0.000237093
3.27455e-05
6.83667e-05
6.76445e-05
5.08823e-05
3.12257e-05
0.00203776
0.00237245
0.00181099
0.000730782
0.00365359
0.00210621
0.00139996
9.01343e-05
0.000812426
3.34236e-05
3.2821e-05
0.000719613
0.00179927
0.000649904
4.91248e-05
0.000514811
0.00156149
8.20049e-05
0.000447081
4.74525e-05
0.000431124
0.000402136
7.81207e-05
0.000587345
0.000137057
6.54355e-05
0.00053353
2.90806e-05
7.75702e-05
0.000376235
0.000340433
6.44161e-05
0.0015853
6.35986e-05
0.00306685
7.57282e-05
0.000265802
7.24729e-05
0.0372898
0.00131458
0.000357283
0.00292508
0.000128941
0.000241988
0.00138156
7.3346e-05
2.75734e-05
0.00118374
0.00230029
0.0180152
0.0013606
0.00292343
0.00119625
0.00100317
0.00215422
0.000764503
0.000242625
0.00136077
0.0159327
3.3793e-05
0.00145687
0.000415535
0.0017967
0.00240709
6.66852e-05
0.00112143
7.6128e-05
0.00109247
0.00327812
0.000292549
6.58043e-05
0.000644276
0.00012701
6.50052e-05
6.43386e-05
0.000589449
7.55903e-05
0.000534924
0.0142478
0.00285269
0.00039667
0.00121553
0.00675168
0.0010742
0.00178759
3.34388e-05
0.0015142
0.00135093
0.000138158
6.76424e-05
0.00155819
0.0015413
0.0134518
0.000834059
0.00632704
0.0017344
0.000259483
0.00149527
0.00054022
0.000491929
0.00113153
0.00126508
0.000885534
4.36057e-05
0.000902673
4.30255e-05
0.00079539
0.000150994
0.000145231
0.00145716
3.32293e-05
0.000510385
6.3146e-05
6.42e-05
0.00106802
0.00495164
0.000590022
0.000349134
0.0251601
4.41862e-05
0.00168797
6.48793e-05
0.0099717
0.000239074
0.0027126
0.00154962
6.94597e-05
0.00209912
0.000244368
time: 2049 ms
